##TITLE= /PvMEG/exp/stan/nmr/lists/converted/MB2x15RFRefSB01
##JCAMP-DX= 5.00 Bruker JCAMP library
##DATA TYPE= Shape Data
##ORIGIN= Bruker Analytik GmbH
##OWNER= <mcpei>
##DATE= 101/05/14
##TIME= 15:31:06
##MINX= 0.000000e+00
##MAXX= 1.000000e+02
##MINY= -1.800000e+02
##MAXY= 1.800000e+02
##$SHAPE_EXMODE= Excitation
##$SHAPE_TOTROT= 9.000000e+01
##$SHAPE_BWFAC= 4.400000e+00
##$SHAPE_INTEGFAC= 2.531000e-01
##$SHAPE_REPHFAC=50
##$SHAPE_TYPE=conventional
##$SHAPE_MODE= 0
##NPOINTS= 2000
##XYPOINTS= (XY..XY)
0.000000e+00, 0.000000e+00
0.000000e+00, -1.728720e+02
0.000000e+00, -1.657440e+02
0.000000e+00, -1.586160e+02
0.000000e+00, -1.514880e+02
0.000000e+00, -1.443600e+02
1.000000e-04, -1.372320e+02
1.000000e-04, -1.301040e+02
1.000000e-04, -1.229760e+02
2.000000e-04, -1.158480e+02
2.000000e-04, -1.087200e+02
3.000000e-04, -1.015920e+02
4.000000e-04, -9.446400e+01
5.000000e-04, -8.733600e+01
7.000000e-04, -8.020800e+01
8.000000e-04, -7.308000e+01
1.000000e-03, -6.595200e+01
1.200000e-03, -5.882400e+01
1.500000e-03, -5.169600e+01
1.700000e-03, -4.456800e+01
2.000000e-03, -3.744000e+01
2.300000e-03, -3.031200e+01
2.700000e-03, -2.318400e+01
3.100000e-03, -1.605600e+01
3.500000e-03, -8.928000e+00
3.900000e-03, -1.800000e+00
4.400000e-03, 5.328000e+00
5.000000e-03, 1.245600e+01
5.500000e-03, 1.958400e+01
6.200000e-03, 2.671200e+01
6.800000e-03, 3.384000e+01
7.500000e-03, 4.096800e+01
8.300000e-03, 4.809600e+01
9.100000e-03, 5.522400e+01
1.000000e-02, 6.235200e+01
1.090000e-02, 6.948000e+01
1.180000e-02, 7.660800e+01
1.290000e-02, 8.373600e+01
1.390000e-02, 9.086400e+01
1.510000e-02, 9.799200e+01
1.630000e-02, 1.051200e+02
1.750000e-02, 1.122480e+02
1.890000e-02, 1.193760e+02
2.030000e-02, 1.265040e+02
2.170000e-02, 1.336320e+02
2.320000e-02, 1.407600e+02
2.480000e-02, 1.478880e+02
2.650000e-02, 1.550160e+02
2.820000e-02, 1.621440e+02
3.000000e-02, 1.692720e+02
3.190000e-02, 1.764000e+02
3.390000e-02, -1.764720e+02
3.590000e-02, -1.693440e+02
3.800000e-02, -1.622160e+02
4.030000e-02, -1.550880e+02
4.250000e-02, -1.479600e+02
4.490000e-02, -1.408320e+02
4.740000e-02, -1.337040e+02
4.990000e-02, -1.265760e+02
5.260000e-02, -1.194480e+02
5.530000e-02, -1.123200e+02
5.810000e-02, -1.051920e+02
6.100000e-02, -9.806400e+01
6.400000e-02, -9.093600e+01
6.710000e-02, -8.380800e+01
7.030000e-02, -7.668000e+01
7.360000e-02, -6.955200e+01
7.700000e-02, -6.242400e+01
8.060000e-02, -5.529600e+01
8.420000e-02, -4.816800e+01
8.790000e-02, -4.104000e+01
9.170000e-02, -3.391200e+01
9.560000e-02, -2.678400e+01
9.970000e-02, -1.965600e+01
1.038000e-01, -1.252800e+01
1.081000e-01, -5.400000e+00
1.125000e-01, 1.728000e+00
1.169000e-01, 8.856000e+00
1.216000e-01, 1.598400e+01
1.263000e-01, 2.311200e+01
1.311000e-01, 3.024000e+01
1.361000e-01, 3.736800e+01
1.412000e-01, 4.449600e+01
1.464000e-01, 5.162400e+01
1.517000e-01, 5.875200e+01
1.572000e-01, 6.588000e+01
1.627000e-01, 7.300800e+01
1.684000e-01, 8.013600e+01
1.743000e-01, 8.726400e+01
1.802000e-01, 9.439200e+01
1.863000e-01, 1.015200e+02
1.926000e-01, 1.086480e+02
1.989000e-01, 1.157760e+02
2.054000e-01, 1.229040e+02
2.121000e-01, 1.300320e+02
2.188000e-01, 1.371600e+02
2.257000e-01, 1.442880e+02
2.328000e-01, 1.514160e+02
2.400000e-01, 1.585440e+02
2.473000e-01, 1.656720e+02
2.548000e-01, 1.728000e+02
2.624000e-01, 1.799280e+02
2.701000e-01, -1.729440e+02
2.780000e-01, -1.658160e+02
2.861000e-01, -1.586880e+02
2.943000e-01, -1.515600e+02
3.026000e-01, -1.444320e+02
3.111000e-01, -1.373040e+02
3.197000e-01, -1.301760e+02
3.285000e-01, -1.230480e+02
3.375000e-01, -1.159200e+02
3.466000e-01, -1.087920e+02
3.558000e-01, -1.016640e+02
3.652000e-01, -9.453600e+01
3.748000e-01, -8.740800e+01
3.845000e-01, -8.028000e+01
3.943000e-01, -7.315200e+01
4.044000e-01, -6.602400e+01
4.145000e-01, -5.889600e+01
4.249000e-01, -5.176800e+01
4.354000e-01, -4.464000e+01
4.460000e-01, -3.751200e+01
4.568000e-01, -3.038400e+01
4.678000e-01, -2.325600e+01
4.790000e-01, -1.612800e+01
4.903000e-01, -9.000000e+00
5.017000e-01, -1.872000e+00
5.134000e-01, 5.256000e+00
5.251000e-01, 1.238400e+01
5.371000e-01, 1.951200e+01
5.492000e-01, 2.664000e+01
5.615000e-01, 3.376800e+01
5.740000e-01, 4.089600e+01
5.866000e-01, 4.802400e+01
5.994000e-01, 5.515200e+01
6.123000e-01, 6.228000e+01
6.254000e-01, 6.940800e+01
6.387000e-01, 7.653600e+01
6.522000e-01, 8.366400e+01
6.658000e-01, 9.079200e+01
6.796000e-01, 9.792000e+01
6.935000e-01, 1.050480e+02
7.077000e-01, 1.121760e+02
7.219000e-01, 1.193040e+02
7.364000e-01, 1.264320e+02
7.510000e-01, 1.335600e+02
7.658000e-01, 1.406880e+02
7.808000e-01, 1.478160e+02
7.960000e-01, 1.549440e+02
8.113000e-01, 1.620720e+02
8.267000e-01, 1.692000e+02
8.424000e-01, 1.763280e+02
8.582000e-01, -1.765440e+02
8.742000e-01, -1.694160e+02
8.904000e-01, -1.622880e+02
9.067000e-01, -1.551600e+02
9.232000e-01, -1.480320e+02
9.398000e-01, -1.409040e+02
9.567000e-01, -1.337760e+02
9.737000e-01, -1.266480e+02
9.908000e-01, -1.195200e+02
1.008200e+00, -1.123920e+02
1.025700e+00, -1.052640e+02
1.043300e+00, -9.813600e+01
1.061200e+00, -9.100800e+01
1.079200e+00, -8.388000e+01
1.097400e+00, -7.675200e+01
1.115700e+00, -6.962400e+01
1.134200e+00, -6.249600e+01
1.152900e+00, -5.536800e+01
1.171700e+00, -4.824000e+01
1.190700e+00, -4.111200e+01
1.209800e+00, -3.398400e+01
1.229200e+00, -2.685600e+01
1.248600e+00, -1.972800e+01
1.268300e+00, -1.260000e+01
1.288100e+00, -5.472000e+00
1.308000e+00, 1.656000e+00
1.328200e+00, 8.784000e+00
1.348400e+00, 1.591200e+01
1.368900e+00, 2.304000e+01
1.389500e+00, 3.016800e+01
1.410200e+00, 3.729600e+01
1.431100e+00, 4.442400e+01
1.452200e+00, 5.155200e+01
1.473400e+00, 5.868000e+01
1.494800e+00, 6.580800e+01
1.516300e+00, 7.293600e+01
1.537900e+00, 8.006400e+01
1.559800e+00, 8.719200e+01
1.581700e+00, 9.432000e+01
1.603800e+00, 1.014480e+02
1.626100e+00, 1.085760e+02
1.648500e+00, 1.157040e+02
1.671000e+00, 1.228320e+02
1.693700e+00, 1.299600e+02
1.716500e+00, 1.370880e+02
1.739500e+00, 1.442160e+02
1.762600e+00, 1.513440e+02
1.785800e+00, 1.584720e+02
1.809200e+00, 1.656000e+02
1.832700e+00, 1.727280e+02
1.856400e+00, 1.798560e+02
1.880100e+00, -1.730160e+02
1.904000e+00, -1.658880e+02
1.928100e+00, -1.587600e+02
1.952200e+00, -1.516320e+02
1.976500e+00, -1.445040e+02
2.000900e+00, -1.373760e+02
2.025400e+00, -1.302480e+02
2.050100e+00, -1.231200e+02
2.074900e+00, -1.159920e+02
2.099700e+00, -1.088640e+02
2.124700e+00, -1.017360e+02
2.149900e+00, -9.460800e+01
2.175100e+00, -8.748000e+01
2.200400e+00, -8.035200e+01
2.225800e+00, -7.322400e+01
2.251400e+00, -6.609600e+01
2.277000e+00, -5.896800e+01
2.302800e+00, -5.184000e+01
2.328600e+00, -4.471200e+01
2.354600e+00, -3.758400e+01
2.380600e+00, -3.045600e+01
2.406700e+00, -2.332800e+01
2.433000e+00, -1.620000e+01
2.459300e+00, -9.072001e+00
2.485700e+00, -1.944000e+00
2.512200e+00, 5.184000e+00
2.538700e+00, 1.231200e+01
2.565400e+00, 1.944000e+01
2.592100e+00, 2.656800e+01
2.618900e+00, 3.369600e+01
2.645800e+00, 4.082400e+01
2.672700e+00, 4.795200e+01
2.699700e+00, 5.508000e+01
2.726800e+00, 6.220800e+01
2.754000e+00, 6.933600e+01
2.781200e+00, 7.646400e+01
2.808400e+00, 8.359200e+01
2.835700e+00, 9.072000e+01
2.863100e+00, 9.784800e+01
2.890500e+00, 1.049760e+02
2.918000e+00, 1.121040e+02
2.945500e+00, 1.192320e+02
2.973000e+00, 1.263600e+02
3.000600e+00, 1.334880e+02
3.028300e+00, 1.406160e+02
3.055900e+00, 1.477440e+02
3.083600e+00, 1.548720e+02
3.111300e+00, 1.620000e+02
3.139100e+00, 1.691280e+02
3.166800e+00, 1.762560e+02
3.194600e+00, -1.766160e+02
3.222400e+00, -1.694880e+02
3.250200e+00, -1.623600e+02
3.278100e+00, -1.552320e+02
3.305900e+00, -1.481040e+02
3.333700e+00, -1.409760e+02
3.361600e+00, -1.338480e+02
3.389400e+00, -1.267200e+02
3.417200e+00, -1.195920e+02
3.445000e+00, -1.124640e+02
3.472800e+00, -1.053360e+02
3.500600e+00, -9.820800e+01
3.528400e+00, -9.108000e+01
3.556100e+00, -8.395200e+01
3.583900e+00, -7.682400e+01
3.611500e+00, -6.969600e+01
3.639200e+00, -6.256800e+01
3.666800e+00, -5.544000e+01
3.694400e+00, -4.831200e+01
3.722000e+00, -4.118400e+01
3.749500e+00, -3.405600e+01
3.776900e+00, -2.692800e+01
3.804300e+00, -1.980000e+01
3.831600e+00, -1.267200e+01
3.858900e+00, -5.544000e+00
3.886100e+00, 1.584000e+00
3.913300e+00, 8.712000e+00
3.940300e+00, 1.584000e+01
3.967300e+00, 2.296800e+01
3.994200e+00, 3.009600e+01
4.021100e+00, 3.722400e+01
4.047800e+00, 4.435200e+01
4.074500e+00, 5.148000e+01
4.101000e+00, 5.860800e+01
4.127500e+00, 6.573600e+01
4.153800e+00, 7.286400e+01
4.180100e+00, 7.999200e+01
4.206200e+00, 8.712000e+01
4.232300e+00, 9.424800e+01
4.258200e+00, 1.013760e+02
4.283900e+00, 1.085040e+02
4.309600e+00, 1.156320e+02
4.335100e+00, 1.227600e+02
4.360500e+00, 1.298880e+02
4.385800e+00, 1.370160e+02
4.410900e+00, 1.441440e+02
4.435900e+00, 1.512720e+02
4.460700e+00, 1.584000e+02
4.485300e+00, 1.655280e+02
4.509800e+00, 1.726560e+02
4.534200e+00, 1.797840e+02
4.558300e+00, -1.730880e+02
4.582300e+00, -1.659600e+02
4.606100e+00, -1.588320e+02
4.629800e+00, -1.517040e+02
4.653200e+00, -1.445760e+02
4.676500e+00, -1.374480e+02
4.699500e+00, -1.303200e+02
4.722400e+00, -1.231920e+02
4.745100e+00, -1.160640e+02
4.767500e+00, -1.089360e+02
4.789800e+00, -1.018080e+02
4.811800e+00, -9.468000e+01
4.833600e+00, -8.755200e+01
4.855200e+00, -8.042400e+01
4.876500e+00, -7.329600e+01
4.897600e+00, -6.616800e+01
4.918500e+00, -5.904000e+01
4.939100e+00, -5.191200e+01
4.959500e+00, -4.478400e+01
4.979700e+00, -3.765600e+01
4.999500e+00, -3.052800e+01
5.019100e+00, -2.340000e+01
5.038500e+00, -1.627200e+01
5.057500e+00, -9.144000e+00
5.076300e+00, -2.016000e+00
5.094800e+00, 5.112000e+00
5.113100e+00, 1.224000e+01
5.131000e+00, 1.936800e+01
5.148600e+00, 2.649600e+01
5.166000e+00, 3.362400e+01
5.183000e+00, 4.075200e+01
5.199700e+00, 4.788000e+01
5.216100e+00, 5.500800e+01
5.232200e+00, 6.213600e+01
5.248000e+00, 6.926400e+01
5.263400e+00, 7.639200e+01
5.278500e+00, 8.352000e+01
5.293300e+00, 9.064800e+01
5.307700e+00, 9.777600e+01
5.321800e+00, 1.049040e+02
5.335500e+00, 1.120320e+02
5.348800e+00, 1.191600e+02
5.361800e+00, 1.262880e+02
5.374400e+00, 1.334160e+02
5.386700e+00, 1.405440e+02
5.398600e+00, 1.476720e+02
5.410000e+00, 1.548000e+02
5.421100e+00, 1.619280e+02
5.431800e+00, 1.690560e+02
5.442200e+00, 1.761840e+02
5.452100e+00, -1.766880e+02
5.461500e+00, -1.695600e+02
5.470600e+00, -1.624320e+02
5.479300e+00, -1.553040e+02
5.487500e+00, -1.481760e+02
5.495300e+00, -1.410480e+02
5.502700e+00, -1.339200e+02
5.509600e+00, -1.267920e+02
5.516100e+00, -1.196640e+02
5.522200e+00, -1.125360e+02
5.527800e+00, -1.054080e+02
5.532900e+00, -9.828000e+01
5.537600e+00, -9.115200e+01
5.541700e+00, -8.402400e+01
5.545500e+00, -7.689600e+01
5.548700e+00, -6.976800e+01
5.551500e+00, -6.264000e+01
5.553700e+00, -5.551200e+01
5.555500e+00, -4.838400e+01
5.556800e+00, -4.125600e+01
5.557600e+00, -3.412800e+01
5.557800e+00, -2.700000e+01
5.557600e+00, -1.987200e+01
5.556800e+00, -1.274400e+01
5.555500e+00, -5.616000e+00
5.553600e+00, 1.512000e+00
5.551300e+00, 8.640000e+00
5.548400e+00, 1.576800e+01
5.544900e+00, 2.289600e+01
5.540900e+00, 3.002400e+01
5.536400e+00, 3.715200e+01
5.531200e+00, 4.428000e+01
5.525600e+00, 5.140800e+01
5.519300e+00, 5.853600e+01
5.512500e+00, 6.566400e+01
5.505000e+00, 7.279200e+01
5.497000e+00, 7.992000e+01
5.488500e+00, 8.704800e+01
5.479300e+00, 9.417600e+01
5.469500e+00, 1.013040e+02
5.459100e+00, 1.084320e+02
5.448100e+00, 1.155600e+02
5.436500e+00, 1.226880e+02
5.424200e+00, 1.298160e+02
5.411400e+00, 1.369440e+02
5.397900e+00, 1.440720e+02
5.383700e+00, 1.512000e+02
5.368900e+00, 1.583280e+02
5.353500e+00, 1.654560e+02
5.337400e+00, 1.725840e+02
5.320700e+00, 1.797120e+02
5.303300e+00, -1.731600e+02
5.285300e+00, -1.660320e+02
5.266500e+00, -1.589040e+02
5.247100e+00, -1.517760e+02
5.227000e+00, -1.446480e+02
5.206300e+00, -1.375200e+02
5.184800e+00, -1.303920e+02
5.162700e+00, -1.232640e+02
5.139800e+00, -1.161360e+02
5.116200e+00, -1.090080e+02
5.092000e+00, -1.018800e+02
5.067000e+00, -9.475200e+01
5.041300e+00, -8.762400e+01
5.014900e+00, -8.049600e+01
4.987700e+00, -7.336800e+01
4.959800e+00, -6.624000e+01
4.931200e+00, -5.911200e+01
4.901800e+00, -5.198400e+01
4.871700e+00, -4.485600e+01
4.840800e+00, -3.772800e+01
4.809200e+00, -3.060000e+01
4.776800e+00, -2.347200e+01
4.743600e+00, -1.634400e+01
4.709700e+00, -9.216000e+00
4.675000e+00, -2.088000e+00
4.639500e+00, 5.040000e+00
4.603300e+00, 1.216800e+01
4.566200e+00, 1.929600e+01
4.528400e+00, 2.642400e+01
4.489700e+00, 3.355200e+01
4.450300e+00, 4.068000e+01
4.410000e+00, 4.780800e+01
4.368900e+00, 5.493600e+01
4.327100e+00, 6.206400e+01
4.284400e+00, 6.919200e+01
4.240800e+00, 7.632000e+01
4.196500e+00, 8.344800e+01
4.151300e+00, 9.057600e+01
4.105300e+00, 9.770400e+01
4.058400e+00, 1.048320e+02
4.010700e+00, 1.119600e+02
3.962100e+00, 1.190880e+02
3.912700e+00, 1.262160e+02
3.862400e+00, 1.333440e+02
3.811300e+00, 1.404720e+02
3.759300e+00, 1.476000e+02
3.706400e+00, 1.547280e+02
3.652700e+00, 1.618560e+02
3.598100e+00, 1.689840e+02
3.542600e+00, 1.761120e+02
3.486200e+00, -1.767600e+02
3.428900e+00, -1.696320e+02
3.370700e+00, -1.625040e+02
3.311600e+00, -1.553760e+02
3.251700e+00, -1.482480e+02
3.190800e+00, -1.411200e+02
3.129000e+00, -1.339920e+02
3.066300e+00, -1.268640e+02
3.002700e+00, -1.197360e+02
2.938100e+00, -1.126080e+02
2.872700e+00, -1.054800e+02
2.806300e+00, -9.835200e+01
2.738900e+00, -9.122400e+01
2.670700e+00, -8.409600e+01
2.601500e+00, -7.696800e+01
2.531400e+00, -6.984000e+01
2.460300e+00, -6.271200e+01
2.388200e+00, -5.558400e+01
2.315300e+00, -4.845600e+01
2.241300e+00, -4.132800e+01
2.166400e+00, -3.420000e+01
2.090600e+00, -2.707200e+01
2.013800e+00, -1.994400e+01
1.936000e+00, -1.281600e+01
1.857200e+00, -5.688000e+00
1.777500e+00, 1.440000e+00
1.696800e+00, 8.568000e+00
1.615100e+00, 1.569600e+01
1.532400e+00, 2.282400e+01
1.448700e+00, 2.995200e+01
1.364100e+00, 3.708000e+01
1.278400e+00, 4.420800e+01
1.191800e+00, 5.133600e+01
1.104200e+00, 5.846400e+01
1.015500e+00, 6.559200e+01
9.259000e-01, 7.272000e+01
8.352000e-01, 7.984800e+01
7.436000e-01, 8.697600e+01
6.509000e-01, 9.410400e+01
5.573000e-01, 1.012320e+02
4.626000e-01, 1.083600e+02
3.669000e-01, 1.154880e+02
2.701000e-01, 1.226160e+02
1.724000e-01, 1.297440e+02
7.360000e-02, 1.368720e+02
2.620000e-02, -3.600000e+01
1.270000e-01, -2.887200e+01
2.289000e-01, -2.174400e+01
3.318000e-01, -1.461600e+01
4.357000e-01, -7.488000e+00
5.407000e-01, -3.600000e-01
6.467000e-01, 6.768000e+00
7.538000e-01, 1.389600e+01
8.619000e-01, 2.102400e+01
9.710000e-01, 2.815200e+01
1.081200e+00, 3.528000e+01
1.192500e+00, 4.240800e+01
1.304800e+00, 4.953600e+01
1.418100e+00, 5.666400e+01
1.532500e+00, 6.379200e+01
1.648000e+00, 7.092000e+01
1.764500e+00, 7.804800e+01
1.882100e+00, 8.517600e+01
2.000700e+00, 9.230400e+01
2.120500e+00, 9.943200e+01
2.241200e+00, 1.065600e+02
2.363000e+00, 1.136880e+02
2.485900e+00, 1.208160e+02
2.609900e+00, 1.279440e+02
2.734900e+00, 1.350720e+02
2.861000e+00, 1.422000e+02
2.988200e+00, 1.493280e+02
3.116500e+00, 1.564560e+02
3.245800e+00, 1.635840e+02
3.376200e+00, 1.707120e+02
3.507600e+00, 1.778400e+02
3.640200e+00, -1.750320e+02
3.773800e+00, -1.679040e+02
3.908500e+00, -1.607760e+02
4.044300e+00, -1.536480e+02
4.181100e+00, -1.465200e+02
4.319000e+00, -1.393920e+02
4.458000e+00, -1.322640e+02
4.598100e+00, -1.251360e+02
4.739300e+00, -1.180080e+02
4.881500e+00, -1.108800e+02
5.024900e+00, -1.037520e+02
5.169300e+00, -9.662400e+01
5.314800e+00, -8.949600e+01
5.461300e+00, -8.236800e+01
5.609000e+00, -7.524000e+01
5.757700e+00, -6.811200e+01
5.907500e+00, -6.098400e+01
6.058400e+00, -5.385600e+01
6.210400e+00, -4.672800e+01
6.363400e+00, -3.960000e+01
6.517500e+00, -3.247200e+01
6.672700e+00, -2.534400e+01
6.829000e+00, -1.821600e+01
6.986400e+00, -1.108800e+01
7.144800e+00, -3.960000e+00
7.304400e+00, 3.168000e+00
7.465000e+00, 1.029600e+01
7.626600e+00, 1.742400e+01
7.789400e+00, 2.455200e+01
7.953200e+00, 3.168000e+01
8.118100e+00, 3.880800e+01
8.284100e+00, 4.593600e+01
8.451100e+00, 5.306400e+01
8.619200e+00, 6.019200e+01
8.788400e+00, 6.732000e+01
8.958700e+00, 7.444800e+01
9.130000e+00, 8.157600e+01
9.302400e+00, 8.870400e+01
9.475800e+00, 9.583200e+01
9.650300e+00, 1.029600e+02
9.825900e+00, 1.100880e+02
1.000250e+01, 1.172160e+02
1.018020e+01, 1.243440e+02
1.035900e+01, 1.314720e+02
1.053880e+01, 1.386000e+02
1.071970e+01, 1.457280e+02
1.090160e+01, 1.528560e+02
1.108450e+01, 1.599840e+02
1.126860e+01, 1.671120e+02
1.145360e+01, 1.742400e+02
1.163970e+01, -1.786320e+02
1.182690e+01, -1.715040e+02
1.201510e+01, -1.643760e+02
1.220430e+01, -1.572480e+02
1.239460e+01, -1.501200e+02
1.258590e+01, -1.429920e+02
1.277820e+01, -1.358640e+02
1.297150e+01, -1.287360e+02
1.316590e+01, -1.216080e+02
1.336130e+01, -1.144800e+02
1.355780e+01, -1.073520e+02
1.375520e+01, -1.002240e+02
1.395370e+01, -9.309600e+01
1.415320e+01, -8.596800e+01
1.435370e+01, -7.884000e+01
1.455510e+01, -7.171200e+01
1.475770e+01, -6.458400e+01
1.496120e+01, -5.745600e+01
1.516570e+01, -5.032800e+01
1.537120e+01, -4.320000e+01
1.557760e+01, -3.607200e+01
1.578510e+01, -2.894400e+01
1.599360e+01, -2.181600e+01
1.620300e+01, -1.468800e+01
1.641350e+01, -7.559999e+00
1.662490e+01, -4.320000e-01
1.683720e+01, 6.696000e+00
1.705060e+01, 1.382400e+01
1.726490e+01, 2.095200e+01
1.748010e+01, 2.808000e+01
1.769640e+01, 3.520800e+01
1.791350e+01, 4.233600e+01
1.813170e+01, 4.946400e+01
1.835070e+01, 5.659200e+01
1.857080e+01, 6.372000e+01
1.879170e+01, 7.084800e+01
1.901360e+01, 7.797600e+01
1.923640e+01, 8.510400e+01
1.946010e+01, 9.223200e+01
1.968480e+01, 9.936000e+01
1.991040e+01, 1.064880e+02
2.013690e+01, 1.136160e+02
2.036430e+01, 1.207440e+02
2.059250e+01, 1.278720e+02
2.082170e+01, 1.350000e+02
2.105180e+01, 1.421280e+02
2.128280e+01, 1.492560e+02
2.151470e+01, 1.563840e+02
2.174740e+01, 1.635120e+02
2.198100e+01, 1.706400e+02
2.221550e+01, 1.777680e+02
2.245090e+01, -1.751040e+02
2.268710e+01, -1.679760e+02
2.292410e+01, -1.608480e+02
2.316200e+01, -1.537200e+02
2.340080e+01, -1.465920e+02
2.364040e+01, -1.394640e+02
2.388080e+01, -1.323360e+02
2.412210e+01, -1.252080e+02
2.436410e+01, -1.180800e+02
2.460700e+01, -1.109520e+02
2.485070e+01, -1.038240e+02
2.509530e+01, -9.669600e+01
2.534060e+01, -8.956800e+01
2.558670e+01, -8.244000e+01
2.583360e+01, -7.531200e+01
2.608120e+01, -6.818400e+01
2.632970e+01, -6.105600e+01
2.657890e+01, -5.392800e+01
2.682890e+01, -4.680000e+01
2.707970e+01, -3.967200e+01
2.733120e+01, -3.254400e+01
2.758340e+01, -2.541600e+01
2.783640e+01, -1.828800e+01
2.809010e+01, -1.116000e+01
2.834460e+01, -4.032000e+00
2.859980e+01, 3.096000e+00
2.885570e+01, 1.022400e+01
2.911220e+01, 1.735200e+01
2.936960e+01, 2.448000e+01
2.962750e+01, 3.160800e+01
2.988620e+01, 3.873600e+01
3.014560e+01, 4.586400e+01
3.040560e+01, 5.299200e+01
3.066640e+01, 6.012000e+01
3.092770e+01, 6.724800e+01
3.118980e+01, 7.437600e+01
3.145250e+01, 8.150400e+01
3.171580e+01, 8.863200e+01
3.197970e+01, 9.576000e+01
3.224430e+01, 1.028880e+02
3.250950e+01, 1.100160e+02
3.277530e+01, 1.171440e+02
3.304180e+01, 1.242720e+02
3.330880e+01, 1.314000e+02
3.357640e+01, 1.385280e+02
3.384460e+01, 1.456560e+02
3.411340e+01, 1.527840e+02
3.438270e+01, 1.599120e+02
3.465260e+01, 1.670400e+02
3.492310e+01, 1.741680e+02
3.519410e+01, -1.787040e+02
3.546560e+01, -1.715760e+02
3.573770e+01, -1.644480e+02
3.601030e+01, -1.573200e+02
3.628340e+01, -1.501920e+02
3.655700e+01, -1.430640e+02
3.683110e+01, -1.359360e+02
3.710580e+01, -1.288080e+02
3.738090e+01, -1.216800e+02
3.765640e+01, -1.145520e+02
3.793250e+01, -1.074240e+02
3.820900e+01, -1.002960e+02
3.848590e+01, -9.316800e+01
3.876330e+01, -8.604000e+01
3.904120e+01, -7.891200e+01
3.931940e+01, -7.178400e+01
3.959810e+01, -6.465600e+01
3.987720e+01, -5.752800e+01
4.015670e+01, -5.040000e+01
4.043660e+01, -4.327200e+01
4.071690e+01, -3.614400e+01
4.099750e+01, -2.901600e+01
4.127850e+01, -2.188800e+01
4.155990e+01, -1.476000e+01
4.184170e+01, -7.632000e+00
4.212370e+01, -5.040000e-01
4.240610e+01, 6.624000e+00
4.268890e+01, 1.375200e+01
4.297190e+01, 2.088000e+01
4.325530e+01, 2.800800e+01
4.353900e+01, 3.513600e+01
4.382290e+01, 4.226400e+01
4.410710e+01, 4.939200e+01
4.439170e+01, 5.652000e+01
4.467640e+01, 6.364800e+01
4.496150e+01, 7.077600e+01
4.524670e+01, 7.790400e+01
4.553220e+01, 8.503200e+01
4.581800e+01, 9.216000e+01
4.610390e+01, 9.928800e+01
4.639010e+01, 1.064160e+02
4.667640e+01, 1.135440e+02
4.696300e+01, 1.206720e+02
4.724980e+01, 1.278000e+02
4.753670e+01, 1.349280e+02
4.782370e+01, 1.420560e+02
4.811100e+01, 1.491840e+02
4.839830e+01, 1.563120e+02
4.868580e+01, 1.634400e+02
4.897350e+01, 1.705680e+02
4.926120e+01, 1.776960e+02
4.954910e+01, -1.751760e+02
4.983710e+01, -1.680480e+02
5.012510e+01, -1.609200e+02
5.041320e+01, -1.537920e+02
5.070140e+01, -1.466640e+02
5.098970e+01, -1.395360e+02
5.127800e+01, -1.324080e+02
5.156630e+01, -1.252800e+02
5.185470e+01, -1.181520e+02
5.214310e+01, -1.110240e+02
5.243150e+01, -1.038960e+02
5.271990e+01, -9.676800e+01
5.300830e+01, -8.964000e+01
5.329670e+01, -8.251200e+01
5.358500e+01, -7.538400e+01
5.387340e+01, -6.825600e+01
5.416160e+01, -6.112800e+01
5.444990e+01, -5.400000e+01
5.473800e+01, -4.687200e+01
5.502610e+01, -3.974400e+01
5.531410e+01, -3.261600e+01
5.560200e+01, -2.548800e+01
5.588970e+01, -1.836000e+01
5.617740e+01, -1.123200e+01
5.646490e+01, -4.104000e+00
5.675230e+01, 3.024000e+00
5.703960e+01, 1.015200e+01
5.732670e+01, 1.728000e+01
5.761360e+01, 2.440800e+01
5.790040e+01, 3.153600e+01
5.818700e+01, 3.866400e+01
5.847340e+01, 4.579200e+01
5.875950e+01, 5.292000e+01
5.904550e+01, 6.004800e+01
5.933120e+01, 6.717600e+01
5.961670e+01, 7.430400e+01
5.990200e+01, 8.143200e+01
6.018700e+01, 8.856000e+01
6.047170e+01, 9.568800e+01
6.075610e+01, 1.028160e+02
6.104030e+01, 1.099440e+02
6.132420e+01, 1.170720e+02
6.160770e+01, 1.242000e+02
6.189100e+01, 1.313280e+02
6.217390e+01, 1.384560e+02
6.245650e+01, 1.455840e+02
6.273870e+01, 1.527120e+02
6.302050e+01, 1.598400e+02
6.330200e+01, 1.669680e+02
6.358320e+01, 1.740960e+02
6.386390e+01, -1.787760e+02
6.414420e+01, -1.716480e+02
6.442420e+01, -1.645200e+02
6.470370e+01, -1.573920e+02
6.498280e+01, -1.502640e+02
6.526140e+01, -1.431360e+02
6.553960e+01, -1.360080e+02
6.581740e+01, -1.288800e+02
6.609460e+01, -1.217520e+02
6.637140e+01, -1.146240e+02
6.664770e+01, -1.074960e+02
6.692350e+01, -1.003680e+02
6.719880e+01, -9.324000e+01
6.747360e+01, -8.611200e+01
6.774780e+01, -7.898400e+01
6.802150e+01, -7.185600e+01
6.829460e+01, -6.472800e+01
6.856720e+01, -5.760000e+01
6.883920e+01, -5.047200e+01
6.911070e+01, -4.334400e+01
6.938150e+01, -3.621600e+01
6.965180e+01, -2.908800e+01
6.992140e+01, -2.196000e+01
7.019040e+01, -1.483200e+01
7.045880e+01, -7.704000e+00
7.072650e+01, -5.760000e-01
7.099360e+01, 6.552000e+00
7.126000e+01, 1.368000e+01
7.152580e+01, 2.080800e+01
7.179090e+01, 2.793600e+01
7.205530e+01, 3.506400e+01
7.231890e+01, 4.219200e+01
7.258190e+01, 4.932000e+01
7.284420e+01, 5.644800e+01
7.310570e+01, 6.357600e+01
7.336650e+01, 7.070400e+01
7.362650e+01, 7.783200e+01
7.388570e+01, 8.496000e+01
7.414420e+01, 9.208800e+01
7.440200e+01, 9.921600e+01
7.465890e+01, 1.063440e+02
7.491500e+01, 1.134720e+02
7.517030e+01, 1.206000e+02
7.542480e+01, 1.277280e+02
7.567850e+01, 1.348560e+02
7.593130e+01, 1.419840e+02
7.618330e+01, 1.491120e+02
7.643440e+01, 1.562400e+02
7.668470e+01, 1.633680e+02
7.693410e+01, 1.704960e+02
7.718250e+01, 1.776240e+02
7.743010e+01, -1.752480e+02
7.767680e+01, -1.681200e+02
7.792260e+01, -1.609920e+02
7.816750e+01, -1.538640e+02
7.841140e+01, -1.467360e+02
7.865430e+01, -1.396080e+02
7.889640e+01, -1.324800e+02
7.913740e+01, -1.253520e+02
7.937750e+01, -1.182240e+02
7.961660e+01, -1.110960e+02
7.985470e+01, -1.039680e+02
8.009180e+01, -9.684000e+01
8.032790e+01, -8.971200e+01
8.056300e+01, -8.258400e+01
8.079700e+01, -7.545600e+01
8.103010e+01, -6.832800e+01
8.126200e+01, -6.120000e+01
8.149290e+01, -5.407200e+01
8.172280e+01, -4.694400e+01
8.195160e+01, -3.981600e+01
8.217930e+01, -3.268800e+01
8.240590e+01, -2.556000e+01
8.263140e+01, -1.843200e+01
8.285580e+01, -1.130400e+01
8.307910e+01, -4.176000e+00
8.330120e+01, 2.952000e+00
8.352220e+01, 1.008000e+01
8.374210e+01, 1.720800e+01
8.396080e+01, 2.433600e+01
8.417840e+01, 3.146400e+01
8.439480e+01, 3.859200e+01
8.461000e+01, 4.572000e+01
8.482400e+01, 5.284800e+01
8.503690e+01, 5.997600e+01
8.524850e+01, 6.710400e+01
8.545890e+01, 7.423200e+01
8.566810e+01, 8.136000e+01
8.587610e+01, 8.848800e+01
8.608280e+01, 9.561600e+01
8.628830e+01, 1.027440e+02
8.649250e+01, 1.098720e+02
8.669550e+01, 1.170000e+02
8.689720e+01, 1.241280e+02
8.709770e+01, 1.312560e+02
8.729680e+01, 1.383840e+02
8.749460e+01, 1.455120e+02
8.769120e+01, 1.526400e+02
8.788640e+01, 1.597680e+02
8.808030e+01, 1.668960e+02
8.827290e+01, 1.740240e+02
8.846420e+01, -1.788480e+02
8.865410e+01, -1.717200e+02
8.884270e+01, -1.645920e+02
8.902990e+01, -1.574640e+02
8.921580e+01, -1.503360e+02
8.940020e+01, -1.432080e+02
8.958330e+01, -1.360800e+02
8.976510e+01, -1.289520e+02
8.994540e+01, -1.218240e+02
9.012430e+01, -1.146960e+02
9.030180e+01, -1.075680e+02
9.047790e+01, -1.004400e+02
9.065260e+01, -9.331200e+01
9.082590e+01, -8.618400e+01
9.099770e+01, -7.905600e+01
9.116810e+01, -7.192800e+01
9.133700e+01, -6.480000e+01
9.150450e+01, -5.767200e+01
9.167050e+01, -5.054400e+01
9.183500e+01, -4.341600e+01
9.199810e+01, -3.628800e+01
9.215970e+01, -2.916000e+01
9.231980e+01, -2.203200e+01
9.247840e+01, -1.490400e+01
9.263550e+01, -7.776000e+00
9.279110e+01, -6.480000e-01
9.294510e+01, 6.480000e+00
9.309770e+01, 1.360800e+01
9.324870e+01, 2.073600e+01
9.339820e+01, 2.786400e+01
9.354610e+01, 3.499200e+01
9.369250e+01, 4.212000e+01
9.383740e+01, 4.924800e+01
9.398070e+01, 5.637600e+01
9.412240e+01, 6.350400e+01
9.426260e+01, 7.063200e+01
9.440120e+01, 7.776000e+01
9.453820e+01, 8.488800e+01
9.467360e+01, 9.201600e+01
9.480740e+01, 9.914400e+01
9.493960e+01, 1.062720e+02
9.507030e+01, 1.134000e+02
9.519930e+01, 1.205280e+02
9.532670e+01, 1.276560e+02
9.545250e+01, 1.347840e+02
9.557660e+01, 1.419120e+02
9.569920e+01, 1.490400e+02
9.582010e+01, 1.561680e+02
9.593930e+01, 1.632960e+02
9.605690e+01, 1.704240e+02
9.617290e+01, 1.775520e+02
9.628720e+01, -1.753200e+02
9.639990e+01, -1.681920e+02
9.651090e+01, -1.610640e+02
9.662020e+01, -1.539360e+02
9.672790e+01, -1.468080e+02
9.683380e+01, -1.396800e+02
9.693810e+01, -1.325520e+02
9.704080e+01, -1.254240e+02
9.714170e+01, -1.182960e+02
9.724090e+01, -1.111680e+02
9.733840e+01, -1.040400e+02
9.743430e+01, -9.691200e+01
9.752840e+01, -8.978400e+01
9.762080e+01, -8.265600e+01
9.771150e+01, -7.552800e+01
9.780050e+01, -6.840000e+01
9.788780e+01, -6.127200e+01
9.797340e+01, -5.414400e+01
9.805720e+01, -4.701600e+01
9.813930e+01, -3.988800e+01
9.821960e+01, -3.276000e+01
9.829820e+01, -2.563200e+01
9.837510e+01, -1.850400e+01
9.845020e+01, -1.137600e+01
9.852360e+01, -4.248000e+00
9.859530e+01, 2.880000e+00
9.866520e+01, 1.000800e+01
9.873330e+01, 1.713600e+01
9.879960e+01, 2.426400e+01
9.886420e+01, 3.139200e+01
9.892710e+01, 3.852000e+01
9.898820e+01, 4.564800e+01
9.904750e+01, 5.277600e+01
9.910500e+01, 5.990400e+01
9.916080e+01, 6.703200e+01
9.921470e+01, 7.416000e+01
9.926700e+01, 8.128800e+01
9.931740e+01, 8.841600e+01
9.936600e+01, 9.554400e+01
9.941290e+01, 1.026720e+02
9.945790e+01, 1.098000e+02
9.950120e+01, 1.169280e+02
9.954270e+01, 1.240560e+02
9.958240e+01, 1.311840e+02
9.962030e+01, 1.383120e+02
9.965640e+01, 1.454400e+02
9.969070e+01, 1.525680e+02
9.972320e+01, 1.596960e+02
9.975400e+01, 1.668240e+02
9.978290e+01, 1.739520e+02
9.981000e+01, -1.789200e+02
9.983530e+01, -1.717920e+02
9.985880e+01, -1.646640e+02
9.988050e+01, -1.575360e+02
9.990040e+01, -1.504080e+02
9.991850e+01, -1.432800e+02
9.993470e+01, -1.361520e+02
9.994920e+01, -1.290240e+02
9.996180e+01, -1.218960e+02
9.997270e+01, -1.147680e+02
9.998170e+01, -1.076400e+02
9.998900e+01, -1.005120e+02
9.999440e+01, -9.338400e+01
9.999800e+01, -8.625600e+01
9.999980e+01, -7.912800e+01
9.999980e+01, -7.200000e+01
9.999790e+01, -6.487200e+01
9.999430e+01, -5.774400e+01
9.998880e+01, -5.061600e+01
9.998160e+01, -4.348800e+01
9.997250e+01, -3.636000e+01
9.996160e+01, -2.923200e+01
9.994890e+01, -2.210400e+01
9.993440e+01, -1.497600e+01
9.991810e+01, -7.848000e+00
9.990000e+01, -7.200000e-01
9.988010e+01, 6.408000e+00
9.985840e+01, 1.353600e+01
9.983480e+01, 2.066400e+01
9.980950e+01, 2.779200e+01
9.978230e+01, 3.492000e+01
9.975340e+01, 4.204800e+01
9.972270e+01, 4.917600e+01
9.969010e+01, 5.630400e+01
9.965580e+01, 6.343200e+01
9.961960e+01, 7.056000e+01
9.958170e+01, 7.768800e+01
9.954200e+01, 8.481600e+01
9.950040e+01, 9.194400e+01
9.945710e+01, 9.907200e+01
9.941200e+01, 1.062000e+02
9.936510e+01, 1.133280e+02
9.931640e+01, 1.204560e+02
9.926600e+01, 1.275840e+02
9.921380e+01, 1.347120e+02
9.915970e+01, 1.418400e+02
9.910390e+01, 1.489680e+02
9.904640e+01, 1.560960e+02
9.898700e+01, 1.632240e+02
9.892590e+01, 1.703520e+02
9.886310e+01, 1.774800e+02
9.879840e+01, -1.753920e+02
9.873200e+01, -1.682640e+02
9.866390e+01, -1.611360e+02
9.859400e+01, -1.540080e+02
9.852230e+01, -1.468800e+02
9.844890e+01, -1.397520e+02
9.837370e+01, -1.326240e+02
9.829680e+01, -1.254960e+02
9.821810e+01, -1.183680e+02
9.813780e+01, -1.112400e+02
9.805560e+01, -1.041120e+02
9.797180e+01, -9.698400e+01
9.788620e+01, -8.985600e+01
9.779890e+01, -8.272800e+01
9.770990e+01, -7.560000e+01
9.761910e+01, -6.847200e+01
9.752670e+01, -6.134400e+01
9.743250e+01, -5.421600e+01
9.733670e+01, -4.708800e+01
9.723910e+01, -3.996000e+01
9.713980e+01, -3.283200e+01
9.703890e+01, -2.570400e+01
9.693620e+01, -1.857600e+01
9.683190e+01, -1.144800e+01
9.672590e+01, -4.320000e+00
9.661820e+01, 2.808000e+00
9.650880e+01, 9.936000e+00
9.639780e+01, 1.706400e+01
9.628510e+01, 2.419200e+01
9.617080e+01, 3.132000e+01
9.605480e+01, 3.844800e+01
9.593710e+01, 4.557600e+01
9.581780e+01, 5.270400e+01
9.569690e+01, 5.983200e+01
9.557430e+01, 6.696000e+01
9.545010e+01, 7.408800e+01
9.532430e+01, 8.121600e+01
9.519690e+01, 8.834400e+01
9.506780e+01, 9.547200e+01
9.493720e+01, 1.026000e+02
9.480490e+01, 1.097280e+02
9.467110e+01, 1.168560e+02
9.453560e+01, 1.239840e+02
9.439860e+01, 1.311120e+02
9.426000e+01, 1.382400e+02
9.411980e+01, 1.453680e+02
9.397800e+01, 1.524960e+02
9.383470e+01, 1.596240e+02
9.368980e+01, 1.667520e+02
9.354340e+01, 1.738800e+02
9.339540e+01, -1.789920e+02
9.324590e+01, -1.718640e+02
9.309490e+01, -1.647360e+02
9.294230e+01, -1.576080e+02
9.278820e+01, -1.504800e+02
9.263260e+01, -1.433520e+02
9.247550e+01, -1.362240e+02
9.231680e+01, -1.290960e+02
9.215670e+01, -1.219680e+02
9.199510e+01, -1.148400e+02
9.183200e+01, -1.077120e+02
9.166740e+01, -1.005840e+02
9.150140e+01, -9.345600e+01
9.133390e+01, -8.632800e+01
9.116490e+01, -7.920000e+01
9.099450e+01, -7.207200e+01
9.082270e+01, -6.494400e+01
9.064940e+01, -5.781600e+01
9.047470e+01, -5.068800e+01
9.029860e+01, -4.356000e+01
9.012100e+01, -3.643200e+01
8.994200e+01, -2.930400e+01
8.976170e+01, -2.217600e+01
8.958000e+01, -1.504800e+01
8.939680e+01, -7.920000e+00
8.921230e+01, -7.920000e-01
8.902640e+01, 6.336000e+00
8.883920e+01, 1.346400e+01
8.865060e+01, 2.059200e+01
8.846060e+01, 2.772000e+01
8.826940e+01, 3.484800e+01
8.807670e+01, 4.197600e+01
8.788280e+01, 4.910400e+01
8.768750e+01, 5.623200e+01
8.749100e+01, 6.336000e+01
8.729310e+01, 7.048800e+01
8.709390e+01, 7.761600e+01
8.689350e+01, 8.474400e+01
8.669180e+01, 9.187200e+01
8.648880e+01, 9.900000e+01
8.628450e+01, 1.061280e+02
8.607900e+01, 1.132560e+02
8.587220e+01, 1.203840e+02
8.566420e+01, 1.275120e+02
8.545500e+01, 1.346400e+02
8.524460e+01, 1.417680e+02
8.503290e+01, 1.488960e+02
8.482010e+01, 1.560240e+02
8.460600e+01, 1.631520e+02
8.439080e+01, 1.702800e+02
8.417440e+01, 1.774080e+02
8.395680e+01, -1.754640e+02
8.373800e+01, -1.683360e+02
8.351820e+01, -1.612080e+02
8.329710e+01, -1.540800e+02
8.307490e+01, -1.469520e+02
8.285160e+01, -1.398240e+02
8.262720e+01, -1.326960e+02
8.240170e+01, -1.255680e+02
8.217500e+01, -1.184400e+02
8.194730e+01, -1.113120e+02
8.171850e+01, -1.041840e+02
8.148870e+01, -9.705600e+01
8.125770e+01, -8.992800e+01
8.102570e+01, -8.280000e+01
8.079270e+01, -7.567200e+01
8.055860e+01, -6.854400e+01
8.032350e+01, -6.141600e+01
8.008740e+01, -5.428800e+01
7.985030e+01, -4.716000e+01
7.961210e+01, -4.003200e+01
7.937300e+01, -3.290400e+01
7.913290e+01, -2.577600e+01
7.889190e+01, -1.864800e+01
7.864980e+01, -1.152000e+01
7.840680e+01, -4.392000e+00
7.816290e+01, 2.736000e+00
7.791800e+01, 9.864000e+00
7.767230e+01, 1.699200e+01
7.742560e+01, 2.412000e+01
7.717790e+01, 3.124800e+01
7.692940e+01, 3.837600e+01
7.668000e+01, 4.550400e+01
7.642980e+01, 5.263200e+01
7.617860e+01, 5.976000e+01
7.592660e+01, 6.688800e+01
7.567380e+01, 7.401600e+01
7.542010e+01, 8.114400e+01
7.516560e+01, 8.827200e+01
7.491030e+01, 9.540000e+01
7.465410e+01, 1.025280e+02
7.439720e+01, 1.096560e+02
7.413940e+01, 1.167840e+02
7.388090e+01, 1.239120e+02
7.362160e+01, 1.310400e+02
7.336160e+01, 1.381680e+02
7.310080e+01, 1.452960e+02
7.283930e+01, 1.524240e+02
7.257700e+01, 1.595520e+02
7.231400e+01, 1.666800e+02
7.205030e+01, 1.738080e+02
7.178590e+01, -1.790640e+02
7.152090e+01, -1.719360e+02
7.125510e+01, -1.648080e+02
7.098860e+01, -1.576800e+02
7.072160e+01, -1.505520e+02
7.045380e+01, -1.434240e+02
7.018540e+01, -1.362960e+02
6.991640e+01, -1.291680e+02
6.964670e+01, -1.220400e+02
6.937650e+01, -1.149120e+02
6.910560e+01, -1.077840e+02
6.883420e+01, -1.006560e+02
6.856220e+01, -9.352800e+01
6.828960e+01, -8.640000e+01
6.801640e+01, -7.927200e+01
6.774270e+01, -7.214400e+01
6.746840e+01, -6.501600e+01
6.719370e+01, -5.788800e+01
6.691840e+01, -5.076000e+01
6.664260e+01, -4.363200e+01
6.636630e+01, -3.650400e+01
6.608950e+01, -2.937600e+01
6.581220e+01, -2.224800e+01
6.553440e+01, -1.512000e+01
6.525620e+01, -7.992000e+00
6.497760e+01, -8.640000e-01
6.469850e+01, 6.264000e+00
6.441900e+01, 1.339200e+01
6.413900e+01, 2.052000e+01
6.385870e+01, 2.764800e+01
6.357800e+01, 3.477600e+01
6.329680e+01, 4.190400e+01
6.301530e+01, 4.903200e+01
6.273340e+01, 5.616000e+01
6.245120e+01, 6.328800e+01
6.216860e+01, 7.041600e+01
6.188570e+01, 7.754400e+01
6.160240e+01, 8.467200e+01
6.131890e+01, 9.180000e+01
6.103500e+01, 9.892800e+01
6.075080e+01, 1.060560e+02
6.046640e+01, 1.131840e+02
6.018170e+01, 1.203120e+02
5.989670e+01, 1.274400e+02
5.961140e+01, 1.345680e+02
5.932590e+01, 1.416960e+02
5.904020e+01, 1.488240e+02
5.875420e+01, 1.559520e+02
5.846800e+01, 1.630800e+02
5.818160e+01, 1.702080e+02
5.789510e+01, 1.773360e+02
5.760830e+01, -1.755360e+02
5.732140e+01, -1.684080e+02
5.703430e+01, -1.612800e+02
5.674700e+01, -1.541520e+02
5.645960e+01, -1.470240e+02
5.617200e+01, -1.398960e+02
5.588440e+01, -1.327680e+02
5.559660e+01, -1.256400e+02
5.530870e+01, -1.185120e+02
5.502070e+01, -1.113840e+02
5.473260e+01, -1.042560e+02
5.444450e+01, -9.712800e+01
5.415630e+01, -9.000000e+01
5.386800e+01, -8.287200e+01
5.357970e+01, -7.574400e+01
5.329130e+01, -6.861600e+01
5.300290e+01, -6.148800e+01
5.271450e+01, -5.436000e+01
5.242610e+01, -4.723200e+01
5.213770e+01, -4.010400e+01
5.184930e+01, -3.297600e+01
5.156100e+01, -2.584800e+01
5.127260e+01, -1.872000e+01
5.098430e+01, -1.159200e+01
5.069610e+01, -4.464000e+00
5.040790e+01, 2.664000e+00
5.011970e+01, 9.792000e+00
4.983170e+01, 1.692000e+01
4.954370e+01, 2.404800e+01
4.925590e+01, 3.117600e+01
4.896810e+01, 3.830400e+01
4.868050e+01, 4.543200e+01
4.839300e+01, 5.256000e+01
4.810560e+01, 5.968800e+01
4.781840e+01, 6.681600e+01
4.753130e+01, 7.394400e+01
4.724440e+01, 8.107200e+01
4.695770e+01, 8.820000e+01
4.667110e+01, 9.532800e+01
4.638480e+01, 1.024560e+02
4.609860e+01, 1.095840e+02
4.581260e+01, 1.167120e+02
4.552690e+01, 1.238400e+02
4.524140e+01, 1.309680e+02
4.495610e+01, 1.380960e+02
4.467110e+01, 1.452240e+02
4.438640e+01, 1.523520e+02
4.410190e+01, 1.594800e+02
4.381760e+01, 1.666080e+02
4.353370e+01, 1.737360e+02
4.325000e+01, -1.791360e+02
4.296670e+01, -1.720080e+02
4.268360e+01, -1.648800e+02
4.240090e+01, -1.577520e+02
4.211850e+01, -1.506240e+02
4.183640e+01, -1.434960e+02
4.155470e+01, -1.363680e+02
4.127330e+01, -1.292400e+02
4.099230e+01, -1.221120e+02
4.071160e+01, -1.149840e+02
4.043140e+01, -1.078560e+02
4.015150e+01, -1.007280e+02
3.987200e+01, -9.360000e+01
3.959290e+01, -8.647200e+01
3.931420e+01, -7.934400e+01
3.903600e+01, -7.221600e+01
3.875820e+01, -6.508800e+01
3.848080e+01, -5.796000e+01
3.820380e+01, -5.083200e+01
3.792730e+01, -4.370400e+01
3.765130e+01, -3.657600e+01
3.737570e+01, -2.944800e+01
3.710060e+01, -2.232000e+01
3.682600e+01, -1.519200e+01
3.655190e+01, -8.064000e+00
3.627830e+01, -9.360000e-01
3.600520e+01, 6.192000e+00
3.573260e+01, 1.332000e+01
3.546050e+01, 2.044800e+01
3.518900e+01, 2.757600e+01
3.491800e+01, 3.470400e+01
3.464760e+01, 4.183200e+01
3.437770e+01, 4.896000e+01
3.410840e+01, 5.608800e+01
3.383960e+01, 6.321600e+01
3.357140e+01, 7.034400e+01
3.330380e+01, 7.747200e+01
3.303680e+01, 8.460000e+01
3.277040e+01, 9.172800e+01
3.250460e+01, 9.885600e+01
3.223940e+01, 1.059840e+02
3.197480e+01, 1.131120e+02
3.171090e+01, 1.202400e+02
3.144760e+01, 1.273680e+02
3.118490e+01, 1.344960e+02
3.092290e+01, 1.416240e+02
3.066150e+01, 1.487520e+02
3.040080e+01, 1.558800e+02
3.014080e+01, 1.630080e+02
2.988140e+01, 1.701360e+02
2.962270e+01, 1.772640e+02
2.936480e+01, -1.756080e+02
2.910750e+01, -1.684800e+02
2.885090e+01, -1.613520e+02
2.859500e+01, -1.542240e+02
2.833980e+01, -1.470960e+02
2.808540e+01, -1.399680e+02
2.783170e+01, -1.328400e+02
2.757870e+01, -1.257120e+02
2.732650e+01, -1.185840e+02
2.707500e+01, -1.114560e+02
2.682430e+01, -1.043280e+02
2.657430e+01, -9.720000e+01
2.632510e+01, -9.007200e+01
2.607660e+01, -8.294400e+01
2.582900e+01, -7.581600e+01
2.558210e+01, -6.868800e+01
2.533600e+01, -6.156000e+01
2.509070e+01, -5.443200e+01
2.484620e+01, -4.730400e+01
2.460250e+01, -4.017600e+01
2.435960e+01, -3.304800e+01
2.411760e+01, -2.592000e+01
2.387630e+01, -1.879200e+01
2.363590e+01, -1.166400e+01
2.339630e+01, -4.536000e+00
2.315760e+01, 2.592000e+00
2.291970e+01, 9.720000e+00
2.268270e+01, 1.684800e+01
2.244650e+01, 2.397600e+01
2.221110e+01, 3.110400e+01
2.197670e+01, 3.823200e+01
2.174310e+01, 4.536000e+01
2.151030e+01, 5.248800e+01
2.127850e+01, 5.961600e+01
2.104750e+01, 6.674400e+01
2.081750e+01, 7.387200e+01
2.058830e+01, 8.100000e+01
2.036000e+01, 8.812800e+01
2.013260e+01, 9.525600e+01
1.990620e+01, 1.023840e+02
1.968060e+01, 1.095120e+02
1.945600e+01, 1.166400e+02
1.923220e+01, 1.237680e+02
1.900940e+01, 1.308960e+02
1.878760e+01, 1.380240e+02
1.856660e+01, 1.451520e+02
1.834670e+01, 1.522800e+02
1.812760e+01, 1.594080e+02
1.790950e+01, 1.665360e+02
1.769230e+01, 1.736640e+02
1.747610e+01, -1.792080e+02
1.726090e+01, -1.720800e+02
1.704660e+01, -1.649520e+02
1.683330e+01, -1.578240e+02
1.662090e+01, -1.506960e+02
1.640950e+01, -1.435680e+02
1.619910e+01, -1.364400e+02
1.598970e+01, -1.293120e+02
1.578120e+01, -1.221840e+02
1.557380e+01, -1.150560e+02
1.536730e+01, -1.079280e+02
1.516180e+01, -1.008000e+02
1.495740e+01, -9.367200e+01
1.475390e+01, -8.654400e+01
1.455140e+01, -7.941600e+01
1.434990e+01, -7.228800e+01
1.414940e+01, -6.516000e+01
1.395000e+01, -5.803200e+01
1.375150e+01, -5.090400e+01
1.355410e+01, -4.377600e+01
1.335770e+01, -3.664800e+01
1.316230e+01, -2.952000e+01
1.296790e+01, -2.239200e+01
1.277460e+01, -1.526400e+01
1.258230e+01, -8.136000e+00
1.239100e+01, -1.008000e+00
1.220080e+01, 6.120000e+00
1.201160e+01, 1.324800e+01
1.182340e+01, 2.037600e+01
1.163620e+01, 2.750400e+01
1.145020e+01, 3.463200e+01
1.126510e+01, 4.176000e+01
1.108110e+01, 4.888800e+01
1.089820e+01, 5.601600e+01
1.071630e+01, 6.314400e+01
1.053540e+01, 7.027200e+01
1.035560e+01, 7.740000e+01
1.017690e+01, 8.452800e+01
9.999200e+00, 9.165600e+01
9.822600e+00, 9.878400e+01
9.647100e+00, 1.059120e+02
9.472600e+00, 1.130400e+02
9.299100e+00, 1.201680e+02
9.126800e+00, 1.272960e+02
8.955500e+00, 1.344240e+02
8.785200e+00, 1.415520e+02
8.616100e+00, 1.486800e+02
8.448000e+00, 1.558080e+02
8.281000e+00, 1.629360e+02
8.115000e+00, 1.700640e+02
7.950100e+00, 1.771920e+02
7.786300e+00, -1.756800e+02
7.623600e+00, -1.685520e+02
7.462000e+00, -1.614240e+02
7.301400e+00, -1.542960e+02
7.141900e+00, -1.471680e+02
6.983500e+00, -1.400400e+02
6.826100e+00, -1.329120e+02
6.669800e+00, -1.257840e+02
6.514600e+00, -1.186560e+02
6.360500e+00, -1.115280e+02
6.207500e+00, -1.044000e+02
6.055600e+00, -9.727200e+01
5.904700e+00, -9.014400e+01
5.754900e+00, -8.301600e+01
5.606200e+00, -7.588800e+01
5.458600e+00, -6.876000e+01
5.312000e+00, -6.163200e+01
5.166600e+00, -5.450400e+01
5.022200e+00, -4.737600e+01
4.878900e+00, -4.024800e+01
4.736700e+00, -3.312000e+01
4.595500e+00, -2.599200e+01
4.455400e+00, -1.886400e+01
4.316500e+00, -1.173600e+01
4.178600e+00, -4.608000e+00
4.041700e+00, 2.520000e+00
3.906000e+00, 9.648001e+00
3.771300e+00, 1.677600e+01
3.637700e+00, 2.390400e+01
3.505200e+00, 3.103200e+01
3.373700e+00, 3.816000e+01
3.243400e+00, 4.528800e+01
3.114100e+00, 5.241600e+01
2.985800e+00, 5.954400e+01
2.858700e+00, 6.667200e+01
2.732600e+00, 7.380000e+01
2.607600e+00, 8.092800e+01
2.483600e+00, 8.805600e+01
2.360800e+00, 9.518400e+01
2.239000e+00, 1.023120e+02
2.118200e+00, 1.094400e+02
1.998500e+00, 1.165680e+02
1.879900e+00, 1.236960e+02
1.762300e+00, 1.308240e+02
1.645800e+00, 1.379520e+02
1.530400e+00, 1.450800e+02
1.416000e+00, 1.522080e+02
1.302700e+00, 1.593360e+02
1.190400e+00, 1.664640e+02
1.079200e+00, 1.735920e+02
9.690000e-01, -1.792800e+02
8.599000e-01, -1.721520e+02
7.518000e-01, -1.650240e+02
6.448000e-01, -1.578960e+02
5.388000e-01, -1.507680e+02
4.338000e-01, -1.436400e+02
3.299000e-01, -1.365120e+02
2.270000e-01, -1.293840e+02
1.252000e-01, -1.222560e+02
2.430000e-02, -1.151280e+02
7.540000e-02, 7.200000e+01
1.742000e-01, 7.912800e+01
2.719000e-01, 8.625600e+01
3.687000e-01, 9.338400e+01
4.643000e-01, 1.005120e+02
5.590000e-01, 1.076400e+02
6.527000e-01, 1.147680e+02
7.453000e-01, 1.218960e+02
8.369000e-01, 1.290240e+02
9.276000e-01, 1.361520e+02
1.017200e+00, 1.432800e+02
1.105800e+00, 1.504080e+02
1.193400e+00, 1.575360e+02
1.280000e+00, 1.646640e+02
1.365700e+00, 1.717920e+02
1.450300e+00, 1.789200e+02
1.533900e+00, -1.739520e+02
1.616600e+00, -1.668240e+02
1.698300e+00, -1.596960e+02
1.779000e+00, -1.525680e+02
1.858700e+00, -1.454400e+02
1.937400e+00, -1.383120e+02
2.015200e+00, -1.311840e+02
2.092000e+00, -1.240560e+02
2.167800e+00, -1.169280e+02
2.242700e+00, -1.098000e+02
2.316600e+00, -1.026720e+02
2.389600e+00, -9.554400e+01
2.461600e+00, -8.841600e+01
2.532700e+00, -8.128800e+01
2.602800e+00, -7.416000e+01
2.672000e+00, -6.703200e+01
2.740200e+00, -5.990400e+01
2.807500e+00, -5.277600e+01
2.873900e+00, -4.564800e+01
2.939300e+00, -3.852000e+01
3.003900e+00, -3.139200e+01
3.067500e+00, -2.426400e+01
3.130100e+00, -1.713600e+01
3.191900e+00, -1.000800e+01
3.252800e+00, -2.880000e+00
3.312700e+00, 4.248000e+00
3.371800e+00, 1.137600e+01
3.430000e+00, 1.850400e+01
3.487200e+00, 2.563200e+01
3.543600e+00, 3.276000e+01
3.599100e+00, 3.988800e+01
3.653700e+00, 4.701600e+01
3.707400e+00, 5.414400e+01
3.760300e+00, 6.127200e+01
3.812300e+00, 6.840000e+01
3.863400e+00, 7.552800e+01
3.913600e+00, 8.265600e+01
3.963000e+00, 8.978400e+01
4.011600e+00, 9.691200e+01
4.059300e+00, 1.040400e+02
4.106100e+00, 1.111680e+02
4.152100e+00, 1.182960e+02
4.197300e+00, 1.254240e+02
4.241700e+00, 1.325520e+02
4.285200e+00, 1.396800e+02
4.327800e+00, 1.468080e+02
4.369700e+00, 1.539360e+02
4.410800e+00, 1.610640e+02
4.451000e+00, 1.681920e+02
4.490400e+00, 1.753200e+02
4.529100e+00, -1.775520e+02
4.566900e+00, -1.704240e+02
4.603900e+00, -1.632960e+02
4.640200e+00, -1.561680e+02
4.675700e+00, -1.490400e+02
4.710400e+00, -1.419120e+02
4.744300e+00, -1.347840e+02
4.777400e+00, -1.276560e+02
4.809800e+00, -1.205280e+02
4.841400e+00, -1.134000e+02
4.872300e+00, -1.062720e+02
4.902400e+00, -9.914400e+01
4.931700e+00, -9.201600e+01
4.960300e+00, -8.488800e+01
4.988200e+00, -7.776000e+01
5.015400e+00, -7.063200e+01
5.041800e+00, -6.350400e+01
5.067500e+00, -5.637600e+01
5.092400e+00, -4.924800e+01
5.116700e+00, -4.212000e+01
5.140200e+00, -3.499200e+01
5.163100e+00, -2.786400e+01
5.185200e+00, -2.073600e+01
5.206700e+00, -1.360800e+01
5.227400e+00, -6.480000e+00
5.247500e+00, 6.480000e-01
5.266900e+00, 7.776000e+00
5.285600e+00, 1.490400e+01
5.303600e+00, 2.203200e+01
5.321000e+00, 2.916000e+01
5.337700e+00, 3.628800e+01
5.353800e+00, 4.341600e+01
5.369200e+00, 5.054400e+01
5.384000e+00, 5.767200e+01
5.398100e+00, 6.480000e+01
5.411600e+00, 7.192800e+01
5.424500e+00, 7.905600e+01
5.436700e+00, 8.618400e+01
5.448300e+00, 9.331200e+01
5.459300e+00, 1.004400e+02
5.469700e+00, 1.075680e+02
5.479400e+00, 1.146960e+02
5.488600e+00, 1.218240e+02
5.497200e+00, 1.289520e+02
5.505200e+00, 1.360800e+02
5.512600e+00, 1.432080e+02
5.519400e+00, 1.503360e+02
5.525700e+00, 1.574640e+02
5.531300e+00, 1.645920e+02
5.536400e+00, 1.717200e+02
5.541000e+00, 1.788480e+02
5.545000e+00, -1.740240e+02
5.548400e+00, -1.668960e+02
5.551300e+00, -1.597680e+02
5.553700e+00, -1.526400e+02
5.555500e+00, -1.455120e+02
5.556800e+00, -1.383840e+02
5.557600e+00, -1.312560e+02
5.557800e+00, -1.241280e+02
5.557500e+00, -1.170000e+02
5.556800e+00, -1.098720e+02
5.555500e+00, -1.027440e+02
5.553700e+00, -9.561600e+01
5.551400e+00, -8.848800e+01
5.548700e+00, -8.136000e+01
5.545400e+00, -7.423200e+01
5.541700e+00, -6.710400e+01
5.537500e+00, -5.997600e+01
5.532800e+00, -5.284800e+01
5.527700e+00, -4.572000e+01
5.522100e+00, -3.859200e+01
5.516000e+00, -3.146400e+01
5.509500e+00, -2.433600e+01
5.502600e+00, -1.720800e+01
5.495200e+00, -1.008000e+01
5.487400e+00, -2.952000e+00
5.479100e+00, 4.176000e+00
5.470500e+00, 1.130400e+01
5.461400e+00, 1.843200e+01
5.451900e+00, 2.556000e+01
5.442000e+00, 3.268800e+01
5.431700e+00, 3.981600e+01
5.420900e+00, 4.694400e+01
5.409800e+00, 5.407200e+01
5.398300e+00, 6.120000e+01
5.386500e+00, 6.832800e+01
5.374200e+00, 7.545600e+01
5.361600e+00, 8.258400e+01
5.348600e+00, 8.971200e+01
5.335200e+00, 9.684000e+01
5.321500e+00, 1.039680e+02
5.307400e+00, 1.110960e+02
5.293000e+00, 1.182240e+02
5.278200e+00, 1.253520e+02
5.263100e+00, 1.324800e+02
5.247700e+00, 1.396080e+02
5.231900e+00, 1.467360e+02
5.215800e+00, 1.538640e+02
5.199400e+00, 1.609920e+02
5.182700e+00, 1.681200e+02
5.165700e+00, 1.752480e+02
5.148300e+00, -1.776240e+02
5.130700e+00, -1.704960e+02
5.112700e+00, -1.633680e+02
5.094500e+00, -1.562400e+02
5.076000e+00, -1.491120e+02
5.057200e+00, -1.419840e+02
5.038100e+00, -1.348560e+02
5.018800e+00, -1.277280e+02
4.999200e+00, -1.206000e+02
4.979300e+00, -1.134720e+02
4.959200e+00, -1.063440e+02
4.938800e+00, -9.921600e+01
4.918100e+00, -9.208800e+01
4.897300e+00, -8.496000e+01
4.876100e+00, -7.783200e+01
4.854800e+00, -7.070400e+01
4.833200e+00, -6.357600e+01
4.811400e+00, -5.644800e+01
4.789400e+00, -4.932000e+01
4.767100e+00, -4.219200e+01
4.744700e+00, -3.506400e+01
4.722000e+00, -2.793600e+01
4.699100e+00, -2.080800e+01
4.676000e+00, -1.368000e+01
4.652800e+00, -6.552000e+00
4.629300e+00, 5.760000e-01
4.605700e+00, 7.704000e+00
4.581900e+00, 1.483200e+01
4.557900e+00, 2.196000e+01
4.533700e+00, 2.908800e+01
4.509400e+00, 3.621600e+01
4.484900e+00, 4.334400e+01
4.460200e+00, 5.047200e+01
4.435400e+00, 5.760000e+01
4.410400e+00, 6.472800e+01
4.385300e+00, 7.185600e+01
4.360100e+00, 7.898400e+01
4.334700e+00, 8.611200e+01
4.309100e+00, 9.324000e+01
4.283500e+00, 1.003680e+02
4.257700e+00, 1.074960e+02
4.231800e+00, 1.146240e+02
4.205700e+00, 1.217520e+02
4.179600e+00, 1.288800e+02
4.153300e+00, 1.360080e+02
4.127000e+00, 1.431360e+02
4.100500e+00, 1.502640e+02
4.074000e+00, 1.573920e+02
4.047300e+00, 1.645200e+02
4.020600e+00, 1.716480e+02
3.993700e+00, 1.787760e+02
3.966800e+00, -1.740960e+02
3.939800e+00, -1.669680e+02
3.912700e+00, -1.598400e+02
3.885600e+00, -1.527120e+02
3.858400e+00, -1.455840e+02
3.831100e+00, -1.384560e+02
3.803800e+00, -1.313280e+02
3.776400e+00, -1.242000e+02
3.748900e+00, -1.170720e+02
3.721400e+00, -1.099440e+02
3.693900e+00, -1.028160e+02
3.666300e+00, -9.568800e+01
3.638700e+00, -8.856000e+01
3.611000e+00, -8.143200e+01
3.583300e+00, -7.430400e+01
3.555600e+00, -6.717600e+01
3.527900e+00, -6.004800e+01
3.500100e+00, -5.292000e+01
3.472300e+00, -4.579200e+01
3.444500e+00, -3.866400e+01
3.416700e+00, -3.153600e+01
3.388900e+00, -2.440800e+01
3.361000e+00, -1.728000e+01
3.333200e+00, -1.015200e+01
3.305400e+00, -3.024000e+00
3.277500e+00, 4.104000e+00
3.249700e+00, 1.123200e+01
3.221900e+00, 1.836000e+01
3.194100e+00, 2.548800e+01
3.166300e+00, 3.261600e+01
3.138500e+00, 3.974400e+01
3.110800e+00, 4.687200e+01
3.083100e+00, 5.400000e+01
3.055400e+00, 6.112800e+01
3.027700e+00, 6.825600e+01
3.000100e+00, 7.538400e+01
2.972500e+00, 8.251200e+01
2.945000e+00, 8.964000e+01
2.917500e+00, 9.676800e+01
2.890000e+00, 1.038960e+02
2.862600e+00, 1.110240e+02
2.835200e+00, 1.181520e+02
2.807900e+00, 1.252800e+02
2.780600e+00, 1.324080e+02
2.753400e+00, 1.395360e+02
2.726300e+00, 1.466640e+02
2.699200e+00, 1.537920e+02
2.672200e+00, 1.609200e+02
2.645300e+00, 1.680480e+02
2.618400e+00, 1.751760e+02
2.591600e+00, -1.776960e+02
2.564900e+00, -1.705680e+02
2.538200e+00, -1.634400e+02
2.511700e+00, -1.563120e+02
2.485200e+00, -1.491840e+02
2.458800e+00, -1.420560e+02
2.432500e+00, -1.349280e+02
2.406300e+00, -1.278000e+02
2.380100e+00, -1.206720e+02
2.354100e+00, -1.135440e+02
2.328100e+00, -1.064160e+02
2.302300e+00, -9.928800e+01
2.276500e+00, -9.216000e+01
2.250900e+00, -8.503200e+01
2.225400e+00, -7.790400e+01
2.199900e+00, -7.077600e+01
2.174600e+00, -6.364800e+01
2.149400e+00, -5.652000e+01
2.124300e+00, -4.939200e+01
2.099300e+00, -4.226400e+01
2.074400e+00, -3.513600e+01
2.049600e+00, -2.800800e+01
2.025000e+00, -2.088000e+01
2.000500e+00, -1.375200e+01
1.976100e+00, -6.624000e+00
1.951800e+00, 5.040000e-01
1.927600e+00, 7.632000e+00
1.903600e+00, 1.476000e+01
1.879700e+00, 2.188800e+01
1.855900e+00, 2.901600e+01
1.832300e+00, 3.614400e+01
1.808800e+00, 4.327200e+01
1.785400e+00, 5.040000e+01
1.762200e+00, 5.752800e+01
1.739100e+00, 6.465600e+01
1.716100e+00, 7.178400e+01
1.693300e+00, 7.891200e+01
1.670600e+00, 8.604000e+01
1.648100e+00, 9.316800e+01
1.625700e+00, 1.002960e+02
1.603400e+00, 1.074240e+02
1.581300e+00, 1.145520e+02
1.559300e+00, 1.216800e+02
1.537500e+00, 1.288080e+02
1.515900e+00, 1.359360e+02
1.494400e+00, 1.430640e+02
1.473000e+00, 1.501920e+02
1.451800e+00, 1.573200e+02
1.430700e+00, 1.644480e+02
1.409800e+00, 1.715760e+02
1.389100e+00, 1.787040e+02
1.368500e+00, -1.741680e+02
1.348100e+00, -1.670400e+02
1.327800e+00, -1.599120e+02
1.307700e+00, -1.527840e+02
1.287700e+00, -1.456560e+02
1.267900e+00, -1.385280e+02
1.248300e+00, -1.314000e+02
1.228800e+00, -1.242720e+02
1.209500e+00, -1.171440e+02
1.190300e+00, -1.100160e+02
1.171300e+00, -1.028880e+02
1.152500e+00, -9.576000e+01
1.133800e+00, -8.863200e+01
1.115300e+00, -8.150400e+01
1.097000e+00, -7.437600e+01
1.078800e+00, -6.724800e+01
1.060800e+00, -6.012000e+01
1.043000e+00, -5.299200e+01
1.025300e+00, -4.586400e+01
1.007800e+00, -3.873600e+01
9.905000e-01, -3.160800e+01
9.733000e-01, -2.448000e+01
9.564000e-01, -1.735200e+01
9.395000e-01, -1.022400e+01
9.229000e-01, -3.096000e+00
9.064000e-01, 4.032000e+00
8.901000e-01, 1.116000e+01
8.739000e-01, 1.828800e+01
8.579000e-01, 2.541600e+01
8.421000e-01, 3.254400e+01
8.265000e-01, 3.967200e+01
8.110000e-01, 4.680000e+01
7.957000e-01, 5.392800e+01
7.805000e-01, 6.105600e+01
7.656000e-01, 6.818400e+01
7.508000e-01, 7.531200e+01
7.361000e-01, 8.244000e+01
7.217000e-01, 8.956800e+01
7.074000e-01, 9.669600e+01
6.933000e-01, 1.038240e+02
6.793000e-01, 1.109520e+02
6.655000e-01, 1.180800e+02
6.519000e-01, 1.252080e+02
6.385000e-01, 1.323360e+02
6.252000e-01, 1.394640e+02
6.121000e-01, 1.465920e+02
5.991000e-01, 1.537200e+02
5.863000e-01, 1.608480e+02
5.737000e-01, 1.679760e+02
5.613000e-01, 1.751040e+02
5.490000e-01, -1.777680e+02
5.369000e-01, -1.706400e+02
5.249000e-01, -1.635120e+02
5.131000e-01, -1.563840e+02
5.015000e-01, -1.492560e+02
4.900000e-01, -1.421280e+02
4.788000e-01, -1.350000e+02
4.676000e-01, -1.278720e+02
4.566000e-01, -1.207440e+02
4.458000e-01, -1.136160e+02
4.352000e-01, -1.064880e+02
4.247000e-01, -9.936000e+01
4.143000e-01, -9.223200e+01
4.042000e-01, -8.510400e+01
3.941000e-01, -7.797600e+01
3.843000e-01, -7.084800e+01
3.746000e-01, -6.372000e+01
3.650000e-01, -5.659200e+01
3.556000e-01, -4.946400e+01
3.464000e-01, -4.233600e+01
3.373000e-01, -3.520800e+01
3.284000e-01, -2.808000e+01
3.196000e-01, -2.095200e+01
3.109000e-01, -1.382400e+01
3.024000e-01, -6.696000e+00
2.941000e-01, 4.320000e-01
2.859000e-01, 7.560000e+00
2.779000e-01, 1.468800e+01
2.700000e-01, 2.181600e+01
2.622000e-01, 2.894400e+01
2.546000e-01, 3.607200e+01
2.472000e-01, 4.320000e+01
2.398000e-01, 5.032800e+01
2.326000e-01, 5.745600e+01
2.256000e-01, 6.458400e+01
2.187000e-01, 7.171200e+01
2.119000e-01, 7.884000e+01
2.053000e-01, 8.596800e+01
1.988000e-01, 9.309600e+01
1.925000e-01, 1.002240e+02
1.862000e-01, 1.073520e+02
1.801000e-01, 1.144800e+02
1.742000e-01, 1.216080e+02
1.683000e-01, 1.287360e+02
1.626000e-01, 1.358640e+02
1.571000e-01, 1.429920e+02
1.516000e-01, 1.501200e+02
1.463000e-01, 1.572480e+02
1.411000e-01, 1.643760e+02
1.360000e-01, 1.715040e+02
1.310000e-01, 1.786320e+02
1.262000e-01, -1.742400e+02
1.215000e-01, -1.671120e+02
1.169000e-01, -1.599840e+02
1.124000e-01, -1.528560e+02
1.080000e-01, -1.457280e+02
1.037000e-01, -1.386000e+02
9.960000e-02, -1.314720e+02
9.560000e-02, -1.243440e+02
9.160000e-02, -1.172160e+02
8.780000e-02, -1.100880e+02
8.410000e-02, -1.029600e+02
8.050000e-02, -9.583200e+01
7.700000e-02, -8.870400e+01
7.360000e-02, -8.157600e+01
7.030000e-02, -7.444800e+01
6.710000e-02, -6.732000e+01
6.400000e-02, -6.019200e+01
6.100000e-02, -5.306400e+01
5.810000e-02, -4.593600e+01
5.520000e-02, -3.880800e+01
5.250000e-02, -3.168000e+01
4.990000e-02, -2.455200e+01
4.730000e-02, -1.742400e+01
4.490000e-02, -1.029600e+01
4.250000e-02, -3.168000e+00
4.020000e-02, 3.960000e+00
3.800000e-02, 1.108800e+01
3.590000e-02, 1.821600e+01
3.380000e-02, 2.534400e+01
3.190000e-02, 3.247200e+01
3.000000e-02, 3.960000e+01
2.820000e-02, 4.672800e+01
2.650000e-02, 5.385600e+01
2.480000e-02, 6.098400e+01
2.320000e-02, 6.811200e+01
2.170000e-02, 7.524000e+01
2.020000e-02, 8.236800e+01
1.880000e-02, 8.949600e+01
1.750000e-02, 9.662400e+01
1.630000e-02, 1.037520e+02
1.510000e-02, 1.108800e+02
1.390000e-02, 1.180080e+02
1.280000e-02, 1.251360e+02
1.180000e-02, 1.322640e+02
1.090000e-02, 1.393920e+02
1.000000e-02, 1.465200e+02
9.100000e-03, 1.536480e+02
8.300000e-03, 1.607760e+02
7.500000e-03, 1.679040e+02
6.800000e-03, 1.750320e+02
6.200000e-03, -1.778400e+02
5.500000e-03, -1.707120e+02
5.000000e-03, -1.635840e+02
4.400000e-03, -1.564560e+02
3.900000e-03, -1.493280e+02
3.500000e-03, -1.422000e+02
3.100000e-03, -1.350720e+02
2.700000e-03, -1.279440e+02
2.300000e-03, -1.208160e+02
2.000000e-03, -1.136880e+02
1.700000e-03, -1.065600e+02
1.500000e-03, -9.943200e+01
1.200000e-03, -9.230400e+01
1.000000e-03, -8.517600e+01
8.000000e-04, -7.804800e+01
7.000000e-04, -7.092000e+01
5.000000e-04, -6.379200e+01
4.000000e-04, -5.666400e+01
3.000000e-04, -4.953600e+01
2.000000e-04, -4.240800e+01
2.000000e-04, -3.528000e+01
1.000000e-04, -2.815200e+01
1.000000e-04, -2.102400e+01
1.000000e-04, -1.389600e+01
0.000000e+00, -6.768000e+00
0.000000e+00, 3.600000e-01
0.000000e+00, 7.488000e+00
0.000000e+00, 1.461600e+01
0.000000e+00, 2.174400e+01
0.000000e+00, -0.000000e+00
##END=