##TITLE= /PvMEG/exp/stan/nmr/lists/converted/RefRFSB00
##JCAMP-DX= 5.00 Bruker JCAMP library
##DATA TYPE= Shape Data
##ORIGIN= Bruker Analytik GmbH
##OWNER= <mcpei>
##DATE= 101/05/14
##TIME= 15:31:06
##MINX= 0.000000e+00
##MAXX= 1.000000e+02
##MINY= -1.800000e+02
##MAXY= 1.800000e+02
##$SHAPE_EXMODE= Excitation
##$SHAPE_TOTROT= 9.000000e+01
##$SHAPE_BWFAC= 4.400000e+00
##$SHAPE_INTEGFAC= 2.531000e-01
##$SHAPE_REPHFAC=50
##$SHAPE_TYPE=conventional
##$SHAPE_MODE= 0
##NPOINTS= 1000
##XYPOINTS= (XY..XY)
0.000000e+00, 0.000000e+00
0.000000e+00, 1.800000e+02
0.000000e+00, 1.800000e+02
1.000000e-04, 1.800000e+02
1.000000e-04, 1.800000e+02
2.000000e-04, 1.800000e+02
4.000000e-04, 1.800000e+02
7.000000e-04, 1.800000e+02
1.000000e-03, 1.800000e+02
1.500000e-03, 1.800000e+02
2.000000e-03, 1.800000e+02
2.700000e-03, 1.800000e+02
3.500000e-03, 1.800000e+02
4.400000e-03, 1.800000e+02
5.600000e-03, 1.800000e+02
6.800000e-03, 1.800000e+02
8.300000e-03, 1.800000e+02
1.000000e-02, 1.800000e+02
1.190000e-02, 1.800000e+02
1.400000e-02, 1.800000e+02
1.630000e-02, 1.800000e+02
1.890000e-02, 1.800000e+02
2.170000e-02, 1.800000e+02
2.490000e-02, 1.800000e+02
2.830000e-02, 1.800000e+02
3.200000e-02, 1.800000e+02
3.600000e-02, 1.800000e+02
4.030000e-02, 1.800000e+02
4.500000e-02, 1.800000e+02
5.000000e-02, 1.800000e+02
5.540000e-02, 1.800000e+02
6.110000e-02, 1.800000e+02
6.720000e-02, 1.800000e+02
7.370000e-02, 1.800000e+02
8.070000e-02, 1.800000e+02
8.800000e-02, 1.800000e+02
9.580000e-02, 1.800000e+02
1.040000e-01, 1.800000e+02
1.126000e-01, 1.800000e+02
1.217000e-01, 1.800000e+02
1.313000e-01, 1.800000e+02
1.414000e-01, 1.800000e+02
1.519000e-01, 1.800000e+02
1.630000e-01, 1.800000e+02
1.745000e-01, 1.800000e+02
1.866000e-01, 1.800000e+02
1.992000e-01, 1.800000e+02
2.124000e-01, 1.800000e+02
2.261000e-01, 1.800000e+02
2.403000e-01, 1.800000e+02
2.551000e-01, 1.800000e+02
2.705000e-01, 1.800000e+02
2.865000e-01, 1.800000e+02
3.030000e-01, 1.800000e+02
3.202000e-01, 1.800000e+02
3.379000e-01, 1.800000e+02
3.563000e-01, 1.800000e+02
3.753000e-01, 1.800000e+02
3.949000e-01, 1.800000e+02
4.151000e-01, 1.800000e+02
4.360000e-01, 1.800000e+02
4.575000e-01, 1.800000e+02
4.796000e-01, 1.800000e+02
5.024000e-01, 1.800000e+02
5.259000e-01, 1.800000e+02
5.500000e-01, 1.800000e+02
5.747000e-01, 1.800000e+02
6.002000e-01, 1.800000e+02
6.263000e-01, 1.800000e+02
6.531000e-01, 1.800000e+02
6.805000e-01, 1.800000e+02
7.086000e-01, 1.800000e+02
7.374000e-01, 1.800000e+02
7.669000e-01, 1.800000e+02
7.970000e-01, 1.800000e+02
8.279000e-01, 1.800000e+02
8.594000e-01, 1.800000e+02
8.915000e-01, 1.800000e+02
9.244000e-01, 1.800000e+02
9.579000e-01, 1.800000e+02
9.922000e-01, 1.800000e+02
1.027000e+00, 1.800000e+02
1.062600e+00, 1.800000e+02
1.098800e+00, 1.800000e+02
1.135700e+00, 1.800000e+02
1.173200e+00, 1.800000e+02
1.211400e+00, 1.800000e+02
1.250300e+00, 1.800000e+02
1.289700e+00, 1.800000e+02
1.329900e+00, 1.800000e+02
1.370600e+00, 1.800000e+02
1.412000e+00, 1.800000e+02
1.454000e+00, 1.800000e+02
1.496700e+00, 1.800000e+02
1.539900e+00, 1.800000e+02
1.583700e+00, 1.800000e+02
1.628100e+00, 1.800000e+02
1.673100e+00, 1.800000e+02
1.718700e+00, 1.800000e+02
1.764800e+00, 1.800000e+02
1.811500e+00, 1.800000e+02
1.858700e+00, 1.800000e+02
1.906400e+00, 1.800000e+02
1.954600e+00, 1.800000e+02
2.003300e+00, 1.800000e+02
2.052600e+00, 1.800000e+02
2.102300e+00, 1.800000e+02
2.152400e+00, 1.800000e+02
2.203000e+00, 1.800000e+02
2.254000e+00, 1.800000e+02
2.305500e+00, 1.800000e+02
2.357300e+00, 1.800000e+02
2.409500e+00, 1.800000e+02
2.462100e+00, 1.800000e+02
2.515100e+00, 1.800000e+02
2.568300e+00, 1.800000e+02
2.621900e+00, 1.800000e+02
2.675700e+00, 1.800000e+02
2.729900e+00, 1.800000e+02
2.784200e+00, 1.800000e+02
2.838900e+00, 1.800000e+02
2.893700e+00, 1.800000e+02
2.948700e+00, 1.800000e+02
3.003900e+00, 1.800000e+02
3.059200e+00, 1.800000e+02
3.114600e+00, 1.800000e+02
3.170200e+00, 1.800000e+02
3.225800e+00, 1.800000e+02
3.281400e+00, 1.800000e+02
3.337100e+00, 1.800000e+02
3.392800e+00, 1.800000e+02
3.448500e+00, 1.800000e+02
3.504100e+00, 1.800000e+02
3.559700e+00, 1.800000e+02
3.615100e+00, 1.800000e+02
3.670400e+00, 1.800000e+02
3.725500e+00, 1.800000e+02
3.780500e+00, 1.800000e+02
3.835200e+00, 1.800000e+02
3.889700e+00, 1.800000e+02
3.943900e+00, 1.800000e+02
3.997800e+00, 1.800000e+02
4.051400e+00, 1.800000e+02
4.104600e+00, 1.800000e+02
4.157400e+00, 1.800000e+02
4.209800e+00, 1.800000e+02
4.261800e+00, 1.800000e+02
4.313200e+00, 1.800000e+02
4.364100e+00, 1.800000e+02
4.414400e+00, 1.800000e+02
4.464200e+00, 1.800000e+02
4.513300e+00, 1.800000e+02
4.561800e+00, 1.800000e+02
4.609600e+00, 1.800000e+02
4.656600e+00, 1.800000e+02
4.702900e+00, 1.800000e+02
4.748400e+00, 1.800000e+02
4.793100e+00, 1.800000e+02
4.836900e+00, 1.800000e+02
4.879700e+00, 1.800000e+02
4.921700e+00, 1.800000e+02
4.962600e+00, 1.800000e+02
5.002600e+00, 1.800000e+02
5.041500e+00, 1.800000e+02
5.079200e+00, 1.800000e+02
5.115900e+00, 1.800000e+02
5.151400e+00, 1.800000e+02
5.185700e+00, 1.800000e+02
5.218700e+00, 1.800000e+02
5.250500e+00, 1.800000e+02
5.280900e+00, 1.800000e+02
5.310000e+00, 1.800000e+02
5.337700e+00, 1.800000e+02
5.363900e+00, 1.800000e+02
5.388700e+00, 1.800000e+02
5.411900e+00, 1.800000e+02
5.433600e+00, 1.800000e+02
5.453700e+00, 1.800000e+02
5.472100e+00, 1.800000e+02
5.488900e+00, 1.800000e+02
5.503900e+00, 1.800000e+02
5.517200e+00, 1.800000e+02
5.528700e+00, 1.800000e+02
5.538300e+00, 1.800000e+02
5.546100e+00, 1.800000e+02
5.551900e+00, 1.800000e+02
5.555800e+00, 1.800000e+02
5.557600e+00, 1.800000e+02
5.557500e+00, 1.800000e+02
5.555200e+00, 1.800000e+02
5.550800e+00, 1.800000e+02
5.544200e+00, 1.800000e+02
5.535500e+00, 1.800000e+02
5.524400e+00, 1.800000e+02
5.511100e+00, 1.800000e+02
5.495500e+00, 1.800000e+02
5.477500e+00, 1.800000e+02
5.457100e+00, 1.800000e+02
5.434200e+00, 1.800000e+02
5.408800e+00, 1.800000e+02
5.380900e+00, 1.800000e+02
5.350500e+00, 1.800000e+02
5.317400e+00, 1.800000e+02
5.281700e+00, 1.800000e+02
5.243300e+00, 1.800000e+02
5.202100e+00, 1.800000e+02
5.158200e+00, 1.800000e+02
5.111500e+00, 1.800000e+02
5.061900e+00, 1.800000e+02
5.009500e+00, 1.800000e+02
4.954100e+00, 1.800000e+02
4.895800e+00, 1.800000e+02
4.834500e+00, 1.800000e+02
4.770100e+00, 1.800000e+02
4.702700e+00, 1.800000e+02
4.632200e+00, 1.800000e+02
4.558500e+00, 1.800000e+02
4.481600e+00, 1.800000e+02
4.401500e+00, 1.800000e+02
4.318200e+00, 1.800000e+02
4.231600e+00, 1.800000e+02
4.141700e+00, 1.800000e+02
4.048400e+00, 1.800000e+02
3.951700e+00, 1.800000e+02
3.851600e+00, 1.800000e+02
3.748000e+00, 1.800000e+02
3.641000e+00, 1.800000e+02
3.530400e+00, 1.800000e+02
3.416300e+00, 1.800000e+02
3.298600e+00, 1.800000e+02
3.177300e+00, 1.800000e+02
3.052300e+00, 1.800000e+02
2.923700e+00, 1.800000e+02
2.791400e+00, 1.800000e+02
2.655300e+00, 1.800000e+02
2.515500e+00, 1.800000e+02
2.371900e+00, 1.800000e+02
2.224500e+00, 1.800000e+02
2.073200e+00, 1.800000e+02
1.918100e+00, 1.800000e+02
1.759100e+00, 1.800000e+02
1.596200e+00, 1.800000e+02
1.429300e+00, 1.800000e+02
1.258500e+00, 1.800000e+02
1.083600e+00, 1.800000e+02
9.048000e-01, 1.800000e+02
7.220000e-01, 1.800000e+02
5.351000e-01, 1.800000e+02
3.441000e-01, 1.800000e+02
1.490000e-01, 1.800000e+02
5.010000e-02, 0.000000e+00
2.534000e-01, 0.000000e+00
4.609000e-01, 0.000000e+00
6.725000e-01, 0.000000e+00
8.883000e-01, 0.000000e+00
1.108200e+00, 0.000000e+00
1.332400e+00, 0.000000e+00
1.560800e+00, 0.000000e+00
1.793400e+00, 0.000000e+00
2.030300e+00, 0.000000e+00
2.271400e+00, 0.000000e+00
2.516800e+00, 0.000000e+00
2.766400e+00, 0.000000e+00
3.020400e+00, 0.000000e+00
3.278600e+00, 0.000000e+00
3.541100e+00, 0.000000e+00
3.808000e+00, 0.000000e+00
4.079100e+00, 0.000000e+00
4.354600e+00, 0.000000e+00
4.634400e+00, 0.000000e+00
4.918500e+00, 0.000000e+00
5.206900e+00, 0.000000e+00
5.499700e+00, 0.000000e+00
5.796800e+00, 0.000000e+00
6.098200e+00, 0.000000e+00
6.403900e+00, 0.000000e+00
6.714000e+00, 0.000000e+00
7.028400e+00, 0.000000e+00
7.347100e+00, 0.000000e+00
7.670100e+00, 0.000000e+00
7.997400e+00, 0.000000e+00
8.329000e+00, 0.000000e+00
8.664900e+00, 0.000000e+00
9.005100e+00, 0.000000e+00
9.349600e+00, 0.000000e+00
9.698300e+00, 0.000000e+00
1.005130e+01, 0.000000e+00
1.040850e+01, 0.000000e+00
1.076990e+01, 0.000000e+00
1.113560e+01, 0.000000e+00
1.150540e+01, 0.000000e+00
1.187940e+01, 0.000000e+00
1.225760e+01, 0.000000e+00
1.264000e+01, 0.000000e+00
1.302640e+01, 0.000000e+00
1.341700e+01, 0.000000e+00
1.381170e+01, 0.000000e+00
1.421040e+01, 0.000000e+00
1.461320e+01, 0.000000e+00
1.501990e+01, 0.000000e+00
1.543070e+01, 0.000000e+00
1.584550e+01, 0.000000e+00
1.626420e+01, 0.000000e+00
1.668680e+01, 0.000000e+00
1.711330e+01, 0.000000e+00
1.754360e+01, 0.000000e+00
1.797780e+01, 0.000000e+00
1.841580e+01, 0.000000e+00
1.885750e+01, 0.000000e+00
1.930300e+01, 0.000000e+00
1.975220e+01, 0.000000e+00
2.020500e+01, 0.000000e+00
2.066150e+01, 0.000000e+00
2.112150e+01, 0.000000e+00
2.158510e+01, 0.000000e+00
2.205220e+01, 0.000000e+00
2.252280e+01, 0.000000e+00
2.299690e+01, 0.000000e+00
2.347430e+01, 0.000000e+00
2.395510e+01, 0.000000e+00
2.443920e+01, 0.000000e+00
2.492650e+01, 0.000000e+00
2.541710e+01, 0.000000e+00
2.591080e+01, 0.000000e+00
2.640770e+01, 0.000000e+00
2.690760e+01, 0.000000e+00
2.741060e+01, 0.000000e+00
2.791660e+01, 0.000000e+00
2.842550e+01, 0.000000e+00
2.893730e+01, 0.000000e+00
2.945190e+01, 0.000000e+00
2.996930e+01, 0.000000e+00
3.048940e+01, 0.000000e+00
3.101210e+01, 0.000000e+00
3.153750e+01, 0.000000e+00
3.206550e+01, 0.000000e+00
3.259600e+01, 0.000000e+00
3.312890e+01, 0.000000e+00
3.366410e+01, 0.000000e+00
3.420180e+01, 0.000000e+00
3.474170e+01, 0.000000e+00
3.528380e+01, 0.000000e+00
3.582800e+01, 0.000000e+00
3.637430e+01, 0.000000e+00
3.692270e+01, 0.000000e+00
3.747300e+01, 0.000000e+00
3.802520e+01, 0.000000e+00
3.857920e+01, 0.000000e+00
3.913510e+01, 0.000000e+00
3.969260e+01, 0.000000e+00
4.025170e+01, 0.000000e+00
4.081240e+01, 0.000000e+00
4.137460e+01, 0.000000e+00
4.193830e+01, 0.000000e+00
4.250330e+01, 0.000000e+00
4.306960e+01, 0.000000e+00
4.363710e+01, 0.000000e+00
4.420580e+01, 0.000000e+00
4.477550e+01, 0.000000e+00
4.534630e+01, 0.000000e+00
4.591800e+01, 0.000000e+00
4.649050e+01, 0.000000e+00
4.706390e+01, 0.000000e+00
4.763790e+01, 0.000000e+00
4.821260e+01, 0.000000e+00
4.878790e+01, 0.000000e+00
4.936360e+01, 0.000000e+00
4.993980e+01, 0.000000e+00
5.051630e+01, 0.000000e+00
5.109310e+01, 0.000000e+00
5.167010e+01, 0.000000e+00
5.224720e+01, 0.000000e+00
5.282430e+01, 0.000000e+00
5.340130e+01, 0.000000e+00
5.397830e+01, 0.000000e+00
5.455500e+01, 0.000000e+00
5.513150e+01, 0.000000e+00
5.570760e+01, 0.000000e+00
5.628320e+01, 0.000000e+00
5.685830e+01, 0.000000e+00
5.743290e+01, 0.000000e+00
5.800670e+01, 0.000000e+00
5.857980e+01, 0.000000e+00
5.915210e+01, 0.000000e+00
5.972340e+01, 0.000000e+00
6.029380e+01, 0.000000e+00
6.086300e+01, 0.000000e+00
6.143110e+01, 0.000000e+00
6.199800e+01, 0.000000e+00
6.256350e+01, 0.000000e+00
6.312760e+01, 0.000000e+00
6.369020e+01, 0.000000e+00
6.425130e+01, 0.000000e+00
6.481070e+01, 0.000000e+00
6.536830e+01, 0.000000e+00
6.592420e+01, 0.000000e+00
6.647820e+01, 0.000000e+00
6.703020e+01, 0.000000e+00
6.758010e+01, 0.000000e+00
6.812790e+01, 0.000000e+00
6.867340e+01, 0.000000e+00
6.921670e+01, 0.000000e+00
6.975760e+01, 0.000000e+00
7.029600e+01, 0.000000e+00
7.083190e+01, 0.000000e+00
7.136520e+01, 0.000000e+00
7.189570e+01, 0.000000e+00
7.242350e+01, 0.000000e+00
7.294840e+01, 0.000000e+00
7.347040e+01, 0.000000e+00
7.398930e+01, 0.000000e+00
7.450520e+01, 0.000000e+00
7.501780e+01, 0.000000e+00
7.552730e+01, 0.000000e+00
7.603330e+01, 0.000000e+00
7.653600e+01, 0.000000e+00
7.703520e+01, 0.000000e+00
7.753080e+01, 0.000000e+00
7.802270e+01, 0.000000e+00
7.851100e+01, 0.000000e+00
7.899540e+01, 0.000000e+00
7.947600e+01, 0.000000e+00
7.995260e+01, 0.000000e+00
8.042530e+01, 0.000000e+00
8.089380e+01, 0.000000e+00
8.135810e+01, 0.000000e+00
8.181820e+01, 0.000000e+00
8.227400e+01, 0.000000e+00
8.272550e+01, 0.000000e+00
8.317240e+01, 0.000000e+00
8.361490e+01, 0.000000e+00
8.405270e+01, 0.000000e+00
8.448590e+01, 0.000000e+00
8.491440e+01, 0.000000e+00
8.533800e+01, 0.000000e+00
8.575680e+01, 0.000000e+00
8.617070e+01, 0.000000e+00
8.657950e+01, 0.000000e+00
8.698330e+01, 0.000000e+00
8.738200e+01, 0.000000e+00
8.777540e+01, 0.000000e+00
8.816360e+01, 0.000000e+00
8.854650e+01, 0.000000e+00
8.892410e+01, 0.000000e+00
8.929610e+01, 0.000000e+00
8.966270e+01, 0.000000e+00
9.002370e+01, 0.000000e+00
9.037910e+01, 0.000000e+00
9.072880e+01, 0.000000e+00
9.107280e+01, 0.000000e+00
9.141100e+01, 0.000000e+00
9.174340e+01, 0.000000e+00
9.206980e+01, 0.000000e+00
9.239030e+01, 0.000000e+00
9.270490e+01, 0.000000e+00
9.301330e+01, 0.000000e+00
9.331570e+01, 0.000000e+00
9.361190e+01, 0.000000e+00
9.390190e+01, 0.000000e+00
9.418560e+01, 0.000000e+00
9.446310e+01, 0.000000e+00
9.473420e+01, 0.000000e+00
9.499900e+01, 0.000000e+00
9.525730e+01, 0.000000e+00
9.550910e+01, 0.000000e+00
9.575450e+01, 0.000000e+00
9.599320e+01, 0.000000e+00
9.622540e+01, 0.000000e+00
9.645100e+01, 0.000000e+00
9.666990e+01, 0.000000e+00
9.688210e+01, 0.000000e+00
9.708760e+01, 0.000000e+00
9.728620e+01, 0.000000e+00
9.747810e+01, 0.000000e+00
9.766320e+01, 0.000000e+00
9.784140e+01, 0.000000e+00
9.801270e+01, 0.000000e+00
9.817710e+01, 0.000000e+00
9.833450e+01, 0.000000e+00
9.848490e+01, 0.000000e+00
9.862840e+01, 0.000000e+00
9.876480e+01, 0.000000e+00
9.889420e+01, 0.000000e+00
9.901650e+01, 0.000000e+00
9.913170e+01, 0.000000e+00
9.923980e+01, 0.000000e+00
9.934080e+01, 0.000000e+00
9.943460e+01, 0.000000e+00
9.952130e+01, 0.000000e+00
9.960080e+01, 0.000000e+00
9.967310e+01, 0.000000e+00
9.973830e+01, 0.000000e+00
9.979620e+01, 0.000000e+00
9.984690e+01, 0.000000e+00
9.989030e+01, 0.000000e+00
9.992660e+01, 0.000000e+00
9.995560e+01, 0.000000e+00
9.997730e+01, 0.000000e+00
9.999180e+01, 0.000000e+00
9.999910e+01, 0.000000e+00
9.999910e+01, 0.000000e+00
9.999180e+01, 0.000000e+00
9.997730e+01, 0.000000e+00
9.995560e+01, 0.000000e+00
9.992660e+01, 0.000000e+00
9.989040e+01, 0.000000e+00
9.984690e+01, 0.000000e+00
9.979620e+01, 0.000000e+00
9.973830e+01, 0.000000e+00
9.967320e+01, 0.000000e+00
9.960090e+01, 0.000000e+00
9.952130e+01, 0.000000e+00
9.943470e+01, 0.000000e+00
9.934080e+01, 0.000000e+00
9.923990e+01, 0.000000e+00
9.913180e+01, 0.000000e+00
9.901650e+01, 0.000000e+00
9.889420e+01, 0.000000e+00
9.876490e+01, 0.000000e+00
9.862850e+01, 0.000000e+00
9.848500e+01, 0.000000e+00
9.833460e+01, 0.000000e+00
9.817710e+01, 0.000000e+00
9.801280e+01, 0.000000e+00
9.784150e+01, 0.000000e+00
9.766330e+01, 0.000000e+00
9.747830e+01, 0.000000e+00
9.728640e+01, 0.000000e+00
9.708770e+01, 0.000000e+00
9.688220e+01, 0.000000e+00
9.667000e+01, 0.000000e+00
9.645110e+01, 0.000000e+00
9.622560e+01, 0.000000e+00
9.599340e+01, 0.000000e+00
9.575460e+01, 0.000000e+00
9.550930e+01, 0.000000e+00
9.525740e+01, 0.000000e+00
9.499910e+01, 0.000000e+00
9.473440e+01, 0.000000e+00
9.446330e+01, 0.000000e+00
9.418580e+01, 0.000000e+00
9.390200e+01, 0.000000e+00
9.361200e+01, 0.000000e+00
9.331580e+01, 0.000000e+00
9.301350e+01, 0.000000e+00
9.270500e+01, 0.000000e+00
9.239050e+01, 0.000000e+00
9.207000e+01, 0.000000e+00
9.174360e+01, 0.000000e+00
9.141120e+01, 0.000000e+00
9.107300e+01, 0.000000e+00
9.072900e+01, 0.000000e+00
9.037930e+01, 0.000000e+00
9.002390e+01, 0.000000e+00
8.966290e+01, 0.000000e+00
8.929630e+01, 0.000000e+00
8.892430e+01, 0.000000e+00
8.854670e+01, 0.000000e+00
8.816390e+01, 0.000000e+00
8.777560e+01, 0.000000e+00
8.738220e+01, 0.000000e+00
8.698350e+01, 0.000000e+00
8.657970e+01, 0.000000e+00
8.617090e+01, 0.000000e+00
8.575700e+01, 0.000000e+00
8.533830e+01, 0.000000e+00
8.491460e+01, 0.000000e+00
8.448620e+01, 0.000000e+00
8.405300e+01, 0.000000e+00
8.361510e+01, 0.000000e+00
8.317270e+01, 0.000000e+00
8.272570e+01, 0.000000e+00
8.227430e+01, 0.000000e+00
8.181850e+01, 0.000000e+00
8.135840e+01, 0.000000e+00
8.089400e+01, 0.000000e+00
8.042550e+01, 0.000000e+00
7.995290e+01, 0.000000e+00
7.947630e+01, 0.000000e+00
7.899570e+01, 0.000000e+00
7.851130e+01, 0.000000e+00
7.802300e+01, 0.000000e+00
7.753110e+01, 0.000000e+00
7.703550e+01, 0.000000e+00
7.653630e+01, 0.000000e+00
7.603360e+01, 0.000000e+00
7.552760e+01, 0.000000e+00
7.501810e+01, 0.000000e+00
7.450550e+01, 0.000000e+00
7.398960e+01, 0.000000e+00
7.347070e+01, 0.000000e+00
7.294870e+01, 0.000000e+00
7.242380e+01, 0.000000e+00
7.189600e+01, 0.000000e+00
7.136550e+01, 0.000000e+00
7.083220e+01, 0.000000e+00
7.029630e+01, 0.000000e+00
6.975790e+01, 0.000000e+00
6.921700e+01, 0.000000e+00
6.867380e+01, 0.000000e+00
6.812820e+01, 0.000000e+00
6.758040e+01, 0.000000e+00
6.703050e+01, 0.000000e+00
6.647850e+01, 0.000000e+00
6.592450e+01, 0.000000e+00
6.536870e+01, 0.000000e+00
6.481100e+01, 0.000000e+00
6.425160e+01, 0.000000e+00
6.369050e+01, 0.000000e+00
6.312790e+01, 0.000000e+00
6.256380e+01, 0.000000e+00
6.199830e+01, 0.000000e+00
6.143140e+01, 0.000000e+00
6.086340e+01, 0.000000e+00
6.029410e+01, 0.000000e+00
5.972380e+01, 0.000000e+00
5.915240e+01, 0.000000e+00
5.858020e+01, 0.000000e+00
5.800710e+01, 0.000000e+00
5.743320e+01, 0.000000e+00
5.685870e+01, 0.000000e+00
5.628360e+01, 0.000000e+00
5.570790e+01, 0.000000e+00
5.513180e+01, 0.000000e+00
5.455530e+01, 0.000000e+00
5.397860e+01, 0.000000e+00
5.340170e+01, 0.000000e+00
5.282460e+01, 0.000000e+00
5.224750e+01, 0.000000e+00
5.167040e+01, 0.000000e+00
5.109350e+01, 0.000000e+00
5.051670e+01, 0.000000e+00
4.994020e+01, 0.000000e+00
4.936400e+01, 0.000000e+00
4.878820e+01, 0.000000e+00
4.821290e+01, 0.000000e+00
4.763820e+01, 0.000000e+00
4.706420e+01, 0.000000e+00
4.649080e+01, 0.000000e+00
4.591830e+01, 0.000000e+00
4.534660e+01, 0.000000e+00
4.477580e+01, 0.000000e+00
4.420610e+01, 0.000000e+00
4.363740e+01, 0.000000e+00
4.306990e+01, 0.000000e+00
4.250360e+01, 0.000000e+00
4.193860e+01, 0.000000e+00
4.137500e+01, 0.000000e+00
4.081270e+01, 0.000000e+00
4.025200e+01, 0.000000e+00
3.969290e+01, 0.000000e+00
3.913540e+01, 0.000000e+00
3.857960e+01, 0.000000e+00
3.802550e+01, 0.000000e+00
3.747330e+01, 0.000000e+00
3.692300e+01, 0.000000e+00
3.637460e+01, 0.000000e+00
3.582830e+01, 0.000000e+00
3.528410e+01, 0.000000e+00
3.474200e+01, 0.000000e+00
3.420210e+01, 0.000000e+00
3.366450e+01, 0.000000e+00
3.312920e+01, 0.000000e+00
3.259630e+01, 0.000000e+00
3.206580e+01, 0.000000e+00
3.153780e+01, 0.000000e+00
3.101240e+01, 0.000000e+00
3.048970e+01, 0.000000e+00
2.996960e+01, 0.000000e+00
2.945220e+01, 0.000000e+00
2.893760e+01, 0.000000e+00
2.842580e+01, 0.000000e+00
2.791690e+01, 0.000000e+00
2.741090e+01, 0.000000e+00
2.690790e+01, 0.000000e+00
2.640800e+01, 0.000000e+00
2.591110e+01, 0.000000e+00
2.541740e+01, 0.000000e+00
2.492680e+01, 0.000000e+00
2.443940e+01, 0.000000e+00
2.395540e+01, 0.000000e+00
2.347460e+01, 0.000000e+00
2.299710e+01, 0.000000e+00
2.252310e+01, 0.000000e+00
2.205250e+01, 0.000000e+00
2.158540e+01, 0.000000e+00
2.112180e+01, 0.000000e+00
2.066170e+01, 0.000000e+00
2.020530e+01, 0.000000e+00
1.975240e+01, 0.000000e+00
1.930320e+01, 0.000000e+00
1.885780e+01, 0.000000e+00
1.841600e+01, 0.000000e+00
1.797800e+01, 0.000000e+00
1.754390e+01, 0.000000e+00
1.711350e+01, 0.000000e+00
1.668700e+01, 0.000000e+00
1.626440e+01, 0.000000e+00
1.584570e+01, 0.000000e+00
1.543100e+01, 0.000000e+00
1.502020e+01, 0.000000e+00
1.461340e+01, 0.000000e+00
1.421060e+01, 0.000000e+00
1.381190e+01, 0.000000e+00
1.341720e+01, 0.000000e+00
1.302670e+01, 0.000000e+00
1.264020e+01, 0.000000e+00
1.225780e+01, 0.000000e+00
1.187970e+01, 0.000000e+00
1.150560e+01, 0.000000e+00
1.113580e+01, 0.000000e+00
1.077010e+01, 0.000000e+00
1.040870e+01, 0.000000e+00
1.005150e+01, 0.000000e+00
9.698500e+00, 0.000000e+00
9.349800e+00, 0.000000e+00
9.005300e+00, 0.000000e+00
8.665100e+00, 0.000000e+00
8.329200e+00, 0.000000e+00
7.997600e+00, 0.000000e+00
7.670300e+00, 0.000000e+00
7.347300e+00, 0.000000e+00
7.028600e+00, 0.000000e+00
6.714200e+00, 0.000000e+00
6.404100e+00, 0.000000e+00
6.098400e+00, 0.000000e+00
5.796900e+00, 0.000000e+00
5.499900e+00, 0.000000e+00
5.207100e+00, 0.000000e+00
4.918700e+00, 0.000000e+00
4.634500e+00, 0.000000e+00
4.354800e+00, 0.000000e+00
4.079300e+00, 0.000000e+00
3.808100e+00, 0.000000e+00
3.541300e+00, 0.000000e+00
3.278800e+00, 0.000000e+00
3.020500e+00, 0.000000e+00
2.766600e+00, 0.000000e+00
2.516900e+00, 0.000000e+00
2.271500e+00, 0.000000e+00
2.030400e+00, 0.000000e+00
1.793500e+00, 0.000000e+00
1.560900e+00, 0.000000e+00
1.332500e+00, 0.000000e+00
1.108400e+00, 0.000000e+00
8.884000e-01, 0.000000e+00
6.726000e-01, 0.000000e+00
4.610000e-01, 0.000000e+00
2.536000e-01, 0.000000e+00
5.030000e-02, 0.000000e+00
1.489000e-01, 1.800000e+02
3.440000e-01, 1.800000e+02
5.349000e-01, 1.800000e+02
7.219000e-01, 1.800000e+02
9.047000e-01, 1.800000e+02
1.083500e+00, 1.800000e+02
1.258400e+00, 1.800000e+02
1.429200e+00, 1.800000e+02
1.596100e+00, 1.800000e+02
1.759000e+00, 1.800000e+02
1.918000e+00, 1.800000e+02
2.073100e+00, 1.800000e+02
2.224400e+00, 1.800000e+02
2.371800e+00, 1.800000e+02
2.515400e+00, 1.800000e+02
2.655300e+00, 1.800000e+02
2.791300e+00, 1.800000e+02
2.923600e+00, 1.800000e+02
3.052300e+00, 1.800000e+02
3.177200e+00, 1.800000e+02
3.298500e+00, 1.800000e+02
3.416200e+00, 1.800000e+02
3.530400e+00, 1.800000e+02
3.640900e+00, 1.800000e+02
3.748000e+00, 1.800000e+02
3.851500e+00, 1.800000e+02
3.951600e+00, 1.800000e+02
4.048300e+00, 1.800000e+02
4.141600e+00, 1.800000e+02
4.231600e+00, 1.800000e+02
4.318200e+00, 1.800000e+02
4.401500e+00, 1.800000e+02
4.481600e+00, 1.800000e+02
4.558400e+00, 1.800000e+02
4.632100e+00, 1.800000e+02
4.702700e+00, 1.800000e+02
4.770100e+00, 1.800000e+02
4.834400e+00, 1.800000e+02
4.895800e+00, 1.800000e+02
4.954100e+00, 1.800000e+02
5.009500e+00, 1.800000e+02
5.061900e+00, 1.800000e+02
5.111500e+00, 1.800000e+02
5.158200e+00, 1.800000e+02
5.202100e+00, 1.800000e+02
5.243300e+00, 1.800000e+02
5.281700e+00, 1.800000e+02
5.317400e+00, 1.800000e+02
5.350500e+00, 1.800000e+02
5.380900e+00, 1.800000e+02
5.408800e+00, 1.800000e+02
5.434200e+00, 1.800000e+02
5.457100e+00, 1.800000e+02
5.477500e+00, 1.800000e+02
5.495500e+00, 1.800000e+02
5.511100e+00, 1.800000e+02
5.524400e+00, 1.800000e+02
5.535500e+00, 1.800000e+02
5.544200e+00, 1.800000e+02
5.550800e+00, 1.800000e+02
5.555200e+00, 1.800000e+02
5.557500e+00, 1.800000e+02
5.557600e+00, 1.800000e+02
5.555800e+00, 1.800000e+02
5.551900e+00, 1.800000e+02
5.546100e+00, 1.800000e+02
5.538300e+00, 1.800000e+02
5.528700e+00, 1.800000e+02
5.517200e+00, 1.800000e+02
5.503900e+00, 1.800000e+02
5.488900e+00, 1.800000e+02
5.472100e+00, 1.800000e+02
5.453700e+00, 1.800000e+02
5.433600e+00, 1.800000e+02
5.411900e+00, 1.800000e+02
5.388700e+00, 1.800000e+02
5.363900e+00, 1.800000e+02
5.337700e+00, 1.800000e+02
5.310000e+00, 1.800000e+02
5.281000e+00, 1.800000e+02
5.250500e+00, 1.800000e+02
5.218800e+00, 1.800000e+02
5.185700e+00, 1.800000e+02
5.151400e+00, 1.800000e+02
5.115900e+00, 1.800000e+02
5.079300e+00, 1.800000e+02
5.041500e+00, 1.800000e+02
5.002600e+00, 1.800000e+02
4.962700e+00, 1.800000e+02
4.921700e+00, 1.800000e+02
4.879800e+00, 1.800000e+02
4.836900e+00, 1.800000e+02
4.793100e+00, 1.800000e+02
4.748400e+00, 1.800000e+02
4.703000e+00, 1.800000e+02
4.656700e+00, 1.800000e+02
4.609600e+00, 1.800000e+02
4.561800e+00, 1.800000e+02
4.513400e+00, 1.800000e+02
4.464200e+00, 1.800000e+02
4.414500e+00, 1.800000e+02
4.364100e+00, 1.800000e+02
4.313200e+00, 1.800000e+02
4.261800e+00, 1.800000e+02
4.209900e+00, 1.800000e+02
4.157500e+00, 1.800000e+02
4.104700e+00, 1.800000e+02
4.051500e+00, 1.800000e+02
3.997900e+00, 1.800000e+02
3.944000e+00, 1.800000e+02
3.889700e+00, 1.800000e+02
3.835300e+00, 1.800000e+02
3.780500e+00, 1.800000e+02
3.725600e+00, 1.800000e+02
3.670400e+00, 1.800000e+02
3.615100e+00, 1.800000e+02
3.559700e+00, 1.800000e+02
3.504100e+00, 1.800000e+02
3.448500e+00, 1.800000e+02
3.392900e+00, 1.800000e+02
3.337200e+00, 1.800000e+02
3.281500e+00, 1.800000e+02
3.225800e+00, 1.800000e+02
3.170200e+00, 1.800000e+02
3.114700e+00, 1.800000e+02
3.059200e+00, 1.800000e+02
3.003900e+00, 1.800000e+02
2.948700e+00, 1.800000e+02
2.893700e+00, 1.800000e+02
2.838900e+00, 1.800000e+02
2.784300e+00, 1.800000e+02
2.729900e+00, 1.800000e+02
2.675800e+00, 1.800000e+02
2.621900e+00, 1.800000e+02
2.568300e+00, 1.800000e+02
2.515100e+00, 1.800000e+02
2.462200e+00, 1.800000e+02
2.409600e+00, 1.800000e+02
2.357400e+00, 1.800000e+02
2.305500e+00, 1.800000e+02
2.254100e+00, 1.800000e+02
2.203000e+00, 1.800000e+02
2.152400e+00, 1.800000e+02
2.102300e+00, 1.800000e+02
2.052600e+00, 1.800000e+02
2.003400e+00, 1.800000e+02
1.954600e+00, 1.800000e+02
1.906400e+00, 1.800000e+02
1.858700e+00, 1.800000e+02
1.811500e+00, 1.800000e+02
1.764800e+00, 1.800000e+02
1.718700e+00, 1.800000e+02
1.673100e+00, 1.800000e+02
1.628200e+00, 1.800000e+02
1.583700e+00, 1.800000e+02
1.539900e+00, 1.800000e+02
1.496700e+00, 1.800000e+02
1.454100e+00, 1.800000e+02
1.412100e+00, 1.800000e+02
1.370700e+00, 1.800000e+02
1.329900e+00, 1.800000e+02
1.289800e+00, 1.800000e+02
1.250300e+00, 1.800000e+02
1.211400e+00, 1.800000e+02
1.173200e+00, 1.800000e+02
1.135700e+00, 1.800000e+02
1.098800e+00, 1.800000e+02
1.062600e+00, 1.800000e+02
1.027100e+00, 1.800000e+02
9.922000e-01, 1.800000e+02
9.580000e-01, 1.800000e+02
9.244000e-01, 1.800000e+02
8.916000e-01, 1.800000e+02
8.594000e-01, 1.800000e+02
8.279000e-01, 1.800000e+02
7.970000e-01, 1.800000e+02
7.669000e-01, 1.800000e+02
7.374000e-01, 1.800000e+02
7.086000e-01, 1.800000e+02
6.805000e-01, 1.800000e+02
6.531000e-01, 1.800000e+02
6.263000e-01, 1.800000e+02
6.002000e-01, 1.800000e+02
5.748000e-01, 1.800000e+02
5.500000e-01, 1.800000e+02
5.259000e-01, 1.800000e+02
5.024000e-01, 1.800000e+02
4.796000e-01, 1.800000e+02
4.575000e-01, 1.800000e+02
4.360000e-01, 1.800000e+02
4.151000e-01, 1.800000e+02
3.949000e-01, 1.800000e+02
3.753000e-01, 1.800000e+02
3.563000e-01, 1.800000e+02
3.379000e-01, 1.800000e+02
3.202000e-01, 1.800000e+02
3.030000e-01, 1.800000e+02
2.865000e-01, 1.800000e+02
2.705000e-01, 1.800000e+02
2.551000e-01, 1.800000e+02
2.403000e-01, 1.800000e+02
2.261000e-01, 1.800000e+02
2.124000e-01, 1.800000e+02
1.992000e-01, 1.800000e+02
1.866000e-01, 1.800000e+02
1.745000e-01, 1.800000e+02
1.630000e-01, 1.800000e+02
1.519000e-01, 1.800000e+02
1.414000e-01, 1.800000e+02
1.313000e-01, 1.800000e+02
1.217000e-01, 1.800000e+02
1.126000e-01, 1.800000e+02
1.040000e-01, 1.800000e+02
9.580000e-02, 1.800000e+02
8.800000e-02, 1.800000e+02
8.070000e-02, 1.800000e+02
7.380000e-02, 1.800000e+02
6.720000e-02, 1.800000e+02
6.110000e-02, 1.800000e+02
5.540000e-02, 1.800000e+02
5.000000e-02, 1.800000e+02
4.500000e-02, 1.800000e+02
4.030000e-02, 1.800000e+02
3.600000e-02, 1.800000e+02
3.200000e-02, 1.800000e+02
2.830000e-02, 1.800000e+02
2.490000e-02, 1.800000e+02
2.170000e-02, 1.800000e+02
1.890000e-02, 1.800000e+02
1.630000e-02, 1.800000e+02
1.400000e-02, 1.800000e+02
1.190000e-02, 1.800000e+02
1.000000e-02, 1.800000e+02
8.300000e-03, 1.800000e+02
6.800000e-03, 1.800000e+02
5.600000e-03, 1.800000e+02
4.400000e-03, 1.800000e+02
3.500000e-03, 1.800000e+02
2.700000e-03, 1.800000e+02
2.000000e-03, 1.800000e+02
1.500000e-03, 1.800000e+02
1.000000e-03, 1.800000e+02
7.000000e-04, 1.800000e+02
4.000000e-04, 1.800000e+02
2.000000e-04, 1.800000e+02
1.000000e-04, 1.800000e+02
1.000000e-04, 1.800000e+02
0.000000e+00, 1.800000e+02
0.000000e+00, 1.800000e+02
0.000000e+00, 0.000000e+00
##END=