##TITLE= /PvMEG/exp/stan/nmr/lists/converted/MB2x15RF
##JCAMP-DX= 5.00 Bruker JCAMP library
##DATA TYPE= Shape Data
##ORIGIN= Bruker Analytik GmbH
##OWNER= <mcpei>
##DATE= 101/05/14
##TIME= 15:31:06
##MINX= 0.000000e+00
##MAXX= 1.000000e+02
##MINY= -1.800000e+02
##MAXY= 1.800000e+02
##$SHAPE_EXMODE= Excitation
##$SHAPE_TOTROT= 9.000000e+01
##$SHAPE_BWFAC= 4.400000e+00
##$SHAPE_INTEGFAC= 1.255000e-01
##$SHAPE_REPHFAC=50
##$SHAPE_TYPE=conventional
##$SHAPE_MODE= 0
##NPOINTS= 2000
##XYPOINTS= (XY..XY)
0.000000e+00, 0.000000e+00
0.000000e+00, 1.800000e+02
0.000000e+00, 1.800000e+02
0.000000e+00, 1.800000e+02
0.000000e+00, 1.800000e+02
0.000000e+00, 1.800000e+02
0.000000e+00, 1.800000e+02
1.000000e-04, 1.800000e+02
1.000000e-04, 1.800000e+02
1.000000e-04, 1.800000e+02
1.000000e-04, 1.800000e+02
1.000000e-04, 1.800000e+02
0.000000e+00, 1.800000e+02
0.000000e+00, 0.000000e+00
1.000000e-04, 0.000000e+00
2.000000e-04, 0.000000e+00
4.000000e-04, 0.000000e+00
6.000000e-04, 0.000000e+00
9.000000e-04, -0.000000e+00
1.200000e-03, -0.000000e+00
1.600000e-03, -0.000000e+00
2.000000e-03, -0.000000e+00
2.500000e-03, -0.000000e+00
2.900000e-03, -0.000000e+00
3.400000e-03, -0.000000e+00
3.900000e-03, -0.000000e+00
4.400000e-03, -0.000000e+00
4.900000e-03, -0.000000e+00
5.200000e-03, -0.000000e+00
5.500000e-03, -0.000000e+00
5.700000e-03, -0.000000e+00
5.700000e-03, -0.000000e+00
5.500000e-03, -0.000000e+00
5.200000e-03, 0.000000e+00
4.600000e-03, 0.000000e+00
3.800000e-03, 0.000000e+00
2.700000e-03, 0.000000e+00
1.400000e-03, 0.000000e+00
2.000000e-04, 1.800000e+02
2.100000e-03, 1.800000e+02
4.200000e-03, 1.800000e+02
6.600000e-03, 1.800000e+02
9.300000e-03, 1.800000e+02
1.200000e-02, 1.800000e+02
1.500000e-02, 1.800000e+02
1.800000e-02, 1.800000e+02
2.100000e-02, 1.800000e+02
2.400000e-02, 1.800000e+02
2.690000e-02, 1.800000e+02
2.950000e-02, 1.800000e+02
3.190000e-02, 1.800000e+02
3.380000e-02, 1.800000e+02
3.530000e-02, 1.800000e+02
3.620000e-02, 1.800000e+02
3.650000e-02, 1.800000e+02
3.610000e-02, 1.800000e+02
3.480000e-02, 1.800000e+02
3.270000e-02, 1.800000e+02
2.970000e-02, 1.800000e+02
2.580000e-02, 1.800000e+02
2.100000e-02, 1.800000e+02
1.520000e-02, 1.800000e+02
8.600000e-03, 1.800000e+02
1.000000e-03, 1.800000e+02
7.200000e-03, 0.000000e+00
1.620000e-02, 0.000000e+00
2.570000e-02, 0.000000e+00
3.570000e-02, 0.000000e+00
4.590000e-02, -0.000000e+00
5.610000e-02, -0.000000e+00
6.630000e-02, -0.000000e+00
7.610000e-02, -0.000000e+00
8.540000e-02, -0.000000e+00
9.390000e-02, -0.000000e+00
1.013000e-01, -0.000000e+00
1.076000e-01, -0.000000e+00
1.124000e-01, -0.000000e+00
1.156000e-01, -0.000000e+00
1.169000e-01, -0.000000e+00
1.161000e-01, -0.000000e+00
1.133000e-01, -0.000000e+00
1.082000e-01, -0.000000e+00
1.007000e-01, -0.000000e+00
9.090000e-02, -0.000000e+00
7.870000e-02, 0.000000e+00
6.420000e-02, 0.000000e+00
4.760000e-02, 0.000000e+00
2.890000e-02, 0.000000e+00
8.300000e-03, 0.000000e+00
1.380000e-02, 1.800000e+02
3.720000e-02, 1.800000e+02
6.160000e-02, 1.800000e+02
8.650000e-02, 1.800000e+02
1.116000e-01, 1.800000e+02
1.364000e-01, 1.800000e+02
1.605000e-01, 1.800000e+02
1.833000e-01, 1.800000e+02
2.044000e-01, 1.800000e+02
2.233000e-01, 1.800000e+02
2.396000e-01, 1.800000e+02
2.528000e-01, 1.800000e+02
2.624000e-01, 1.800000e+02
2.681000e-01, 1.800000e+02
2.696000e-01, 1.800000e+02
2.665000e-01, 1.800000e+02
2.588000e-01, 1.800000e+02
2.461000e-01, 1.800000e+02
2.286000e-01, 1.800000e+02
2.063000e-01, 1.800000e+02
1.792000e-01, 1.800000e+02
1.475000e-01, 1.800000e+02
1.116000e-01, 1.800000e+02
7.190000e-02, 1.800000e+02
2.890000e-02, 1.800000e+02
1.690000e-02, 0.000000e+00
6.490000e-02, 0.000000e+00
1.143000e-01, 0.000000e+00
1.643000e-01, 0.000000e+00
2.141000e-01, -0.000000e+00
2.629000e-01, -0.000000e+00
3.098000e-01, -0.000000e+00
3.538000e-01, -0.000000e+00
3.941000e-01, -0.000000e+00
4.298000e-01, -0.000000e+00
4.601000e-01, -0.000000e+00
4.842000e-01, -0.000000e+00
5.015000e-01, -0.000000e+00
5.112000e-01, -0.000000e+00
5.129000e-01, -0.000000e+00
5.063000e-01, -0.000000e+00
4.909000e-01, -0.000000e+00
4.668000e-01, -0.000000e+00
4.339000e-01, -0.000000e+00
3.923000e-01, -0.000000e+00
3.425000e-01, 0.000000e+00
2.848000e-01, 0.000000e+00
2.200000e-01, 0.000000e+00
1.487000e-01, 0.000000e+00
7.200000e-02, 0.000000e+00
9.200000e-03, 1.800000e+02
9.360000e-02, 1.800000e+02
1.801000e-01, 1.800000e+02
2.671000e-01, 1.800000e+02
3.534000e-01, 1.800000e+02
4.373000e-01, 1.800000e+02
5.176000e-01, 1.800000e+02
5.925000e-01, 1.800000e+02
6.608000e-01, 1.800000e+02
7.211000e-01, 1.800000e+02
7.719000e-01, 1.800000e+02
8.121000e-01, 1.800000e+02
8.407000e-01, 1.800000e+02
8.567000e-01, 1.800000e+02
8.593000e-01, 1.800000e+02
8.481000e-01, 1.800000e+02
8.228000e-01, 1.800000e+02
7.832000e-01, 1.800000e+02
7.294000e-01, 1.800000e+02
6.619000e-01, 1.800000e+02
5.812000e-01, 1.800000e+02
4.882000e-01, 1.800000e+02
3.841000e-01, 1.800000e+02
2.700000e-01, 1.800000e+02
1.477000e-01, 1.800000e+02
1.870000e-02, 1.800000e+02
1.151000e-01, 0.000000e+00
2.515000e-01, 0.000000e+00
3.885000e-01, 0.000000e+00
5.238000e-01, 0.000000e+00
6.552000e-01, 0.000000e+00
7.804000e-01, -0.000000e+00
8.971000e-01, -0.000000e+00
1.003200e+00, -0.000000e+00
1.096600e+00, -0.000000e+00
1.175300e+00, -0.000000e+00
1.237700e+00, -0.000000e+00
1.282200e+00, -0.000000e+00
1.307500e+00, -0.000000e+00
1.312600e+00, -0.000000e+00
1.296800e+00, -0.000000e+00
1.259700e+00, -0.000000e+00
1.201300e+00, -0.000000e+00
1.121900e+00, -0.000000e+00
1.022100e+00, -0.000000e+00
9.030000e-01, -0.000000e+00
7.659000e-01, -0.000000e+00
6.125000e-01, 0.000000e+00
4.449000e-01, 0.000000e+00
2.654000e-01, 0.000000e+00
7.640000e-02, 0.000000e+00
1.191000e-01, 1.800000e+02
3.183000e-01, 1.800000e+02
5.180000e-01, 1.800000e+02
7.150000e-01, 1.800000e+02
9.060000e-01, 1.800000e+02
1.087800e+00, 1.800000e+02
1.257200e+00, 1.800000e+02
1.411100e+00, 1.800000e+02
1.546700e+00, 1.800000e+02
1.661300e+00, 1.800000e+02
1.752400e+00, 1.800000e+02
1.818000e+00, 1.800000e+02
1.856400e+00, 1.800000e+02
1.866200e+00, 1.800000e+02
1.846600e+00, 1.800000e+02
1.797100e+00, 1.800000e+02
1.717800e+00, 1.800000e+02
1.609200e+00, 1.800000e+02
1.472300e+00, 1.800000e+02
1.308600e+00, 1.800000e+02
1.120200e+00, 1.800000e+02
9.093000e-01, 1.800000e+02
6.789000e-01, 1.800000e+02
4.322000e-01, 1.800000e+02
1.727000e-01, 1.800000e+02
9.560000e-02, 0.000000e+00
3.688000e-01, 0.000000e+00
6.424000e-01, 0.000000e+00
9.123000e-01, 0.000000e+00
1.173800e+00, 0.000000e+00
1.422800e+00, -0.000000e+00
1.654800e+00, -0.000000e+00
1.865900e+00, -0.000000e+00
2.052100e+00, -0.000000e+00
2.210000e+00, -0.000000e+00
2.336400e+00, -0.000000e+00
2.428500e+00, -0.000000e+00
2.484300e+00, -0.000000e+00
2.501900e+00, -0.000000e+00
2.480300e+00, -0.000000e+00
2.419100e+00, -0.000000e+00
2.318400e+00, -0.000000e+00
2.178900e+00, -0.000000e+00
2.002100e+00, -0.000000e+00
1.790100e+00, -0.000000e+00
1.545400e+00, -0.000000e+00
1.271400e+00, 0.000000e+00
9.718000e-01, 0.000000e+00
6.509000e-01, 0.000000e+00
3.134000e-01, 0.000000e+00
3.560000e-02, 1.800000e+02
3.909000e-01, 1.800000e+02
7.469000e-01, 1.800000e+02
1.098000e+00, 1.800000e+02
1.438400e+00, 1.800000e+02
1.762600e+00, 1.800000e+02
2.065000e+00, 1.800000e+02
2.340600e+00, 1.800000e+02
2.584300e+00, 1.800000e+02
2.791800e+00, 1.800000e+02
2.959000e+00, 1.800000e+02
3.082700e+00, 1.800000e+02
3.160100e+00, 1.800000e+02
3.189000e+00, 1.800000e+02
3.168300e+00, 1.800000e+02
3.097400e+00, 1.800000e+02
2.976500e+00, 1.800000e+02
2.806700e+00, 1.800000e+02
2.589900e+00, 1.800000e+02
2.328700e+00, 1.800000e+02
2.026500e+00, 1.800000e+02
1.687500e+00, 1.800000e+02
1.316400e+00, 1.800000e+02
9.185000e-01, 1.800000e+02
4.998000e-01, 1.800000e+02
6.650000e-02, 1.800000e+02
3.747000e-01, 0.000000e+00
8.169000e-01, 0.000000e+00
1.253200e+00, 0.000000e+00
1.676600e+00, 0.000000e+00
2.080100e+00, -0.000000e+00
2.457100e+00, -0.000000e+00
2.801100e+00, -0.000000e+00
3.106400e+00, -0.000000e+00
3.367400e+00, -0.000000e+00
3.579400e+00, -0.000000e+00
3.738300e+00, -0.000000e+00
3.840900e+00, -0.000000e+00
3.884600e+00, -0.000000e+00
3.868100e+00, -0.000000e+00
3.790700e+00, -0.000000e+00
3.652800e+00, -0.000000e+00
3.455800e+00, -0.000000e+00
3.201900e+00, -0.000000e+00
2.894400e+00, -0.000000e+00
2.537500e+00, 0.000000e+00
2.136200e+00, 0.000000e+00
1.696200e+00, 0.000000e+00
1.223900e+00, 0.000000e+00
7.264000e-01, 0.000000e+00
2.113000e-01, 0.000000e+00
3.135000e-01, 1.800000e+02
8.399000e-01, 1.800000e+02
1.359600e+00, 1.800000e+02
1.864300e+00, 1.800000e+02
2.345800e+00, 1.800000e+02
2.796400e+00, 1.800000e+02
3.208400e+00, 1.800000e+02
3.575000e+00, 1.800000e+02
3.889900e+00, 1.800000e+02
4.147400e+00, 1.800000e+02
4.343000e+00, 1.800000e+02
4.472800e+00, 1.800000e+02
4.534100e+00, 1.800000e+02
4.525200e+00, 1.800000e+02
4.445400e+00, 1.800000e+02
4.295300e+00, 1.800000e+02
4.076600e+00, 1.800000e+02
3.791800e+00, 1.800000e+02
3.445000e+00, 1.800000e+02
3.040900e+00, 1.800000e+02
2.585300e+00, 1.800000e+02
2.084900e+00, 1.800000e+02
1.547100e+00, 1.800000e+02
9.801000e-01, 1.800000e+02
3.926000e-01, 1.800000e+02
2.065000e-01, 0.000000e+00
8.077000e-01, 0.000000e+00
1.401600e+00, 0.000000e+00
1.978900e+00, 0.000000e+00
2.530300e+00, 0.000000e+00
3.046800e+00, -0.000000e+00
3.520100e+00, -0.000000e+00
3.942400e+00, -0.000000e+00
4.306500e+00, -0.000000e+00
4.606300e+00, -0.000000e+00
4.836600e+00, -0.000000e+00
4.993300e+00, -0.000000e+00
5.073200e+00, -0.000000e+00
5.074600e+00, -0.000000e+00
4.996800e+00, -0.000000e+00
4.840600e+00, -0.000000e+00
4.607900e+00, -0.000000e+00
4.301700e+00, -0.000000e+00
3.926400e+00, -0.000000e+00
3.487400e+00, -0.000000e+00
2.991300e+00, -0.000000e+00
2.445400e+00, 0.000000e+00
1.858100e+00, 0.000000e+00
1.238400e+00, 0.000000e+00
5.957000e-01, 0.000000e+00
5.990000e-02, 1.800000e+02
7.181000e-01, 1.800000e+02
1.368800e+00, 1.800000e+02
2.001500e+00, 1.800000e+02
2.606200e+00, 1.800000e+02
3.173400e+00, 1.800000e+02
3.693800e+00, 1.800000e+02
4.159100e+00, 1.800000e+02
4.561800e+00, 1.800000e+02
4.895200e+00, 1.800000e+02
5.153700e+00, 1.800000e+02
5.333100e+00, 1.800000e+02
5.430100e+00, 1.800000e+02
5.442900e+00, 1.800000e+02
5.371100e+00, 1.800000e+02
5.215500e+00, 1.800000e+02
4.978100e+00, 1.800000e+02
4.662600e+00, 1.800000e+02
4.273600e+00, 1.800000e+02
3.817000e+00, 1.800000e+02
3.299800e+00, 1.800000e+02
2.730000e+00, 1.800000e+02
2.116400e+00, 1.800000e+02
1.468700e+00, 1.800000e+02
7.968000e-01, 1.800000e+02
1.113000e-01, 1.800000e+02
5.770000e-01, 0.000000e+00
1.257300e+00, 0.000000e+00
1.918900e+00, 0.000000e+00
2.551300e+00, 0.000000e+00
3.144700e+00, -0.000000e+00
3.689600e+00, -0.000000e+00
4.177400e+00, -0.000000e+00
4.600500e+00, -0.000000e+00
4.952000e+00, -0.000000e+00
5.226600e+00, -0.000000e+00
5.419900e+00, -0.000000e+00
5.528800e+00, -0.000000e+00
5.551700e+00, -0.000000e+00
5.488300e+00, -0.000000e+00
5.339600e+00, -0.000000e+00
5.108000e+00, -0.000000e+00
4.797400e+00, -0.000000e+00
4.412700e+00, -0.000000e+00
3.960000e+00, -0.000000e+00
3.446700e+00, -0.000000e+00
2.880900e+00, -0.000000e+00
2.271600e+00, 0.000000e+00
1.628600e+00, 0.000000e+00
9.621000e-01, 0.000000e+00
2.827000e-01, 0.000000e+00
3.990000e-01, 1.800000e+02
1.072100e+00, 1.800000e+02
1.726000e+00, 1.800000e+02
2.350600e+00, 1.800000e+02
2.936000e+00, 1.800000e+02
3.473300e+00, 1.800000e+02
3.954000e+00, 1.800000e+02
4.370900e+00, 1.800000e+02
4.717800e+00, 1.800000e+02
4.989400e+00, 1.800000e+02
5.182000e+00, 1.800000e+02
5.292800e+00, 1.800000e+02
5.320600e+00, 1.800000e+02
5.265600e+00, 1.800000e+02
5.129000e+00, 1.800000e+02
4.913600e+00, 1.800000e+02
4.623300e+00, 1.800000e+02
4.263200e+00, 1.800000e+02
3.839700e+00, 1.800000e+02
3.359800e+00, 1.800000e+02
2.831700e+00, 1.800000e+02
2.264100e+00, 1.800000e+02
1.666400e+00, 1.800000e+02
1.048200e+00, 1.800000e+02
4.198000e-01, 1.800000e+02
2.090000e-01, 0.000000e+00
8.280000e-01, 0.000000e+00
1.427600e+00, 0.000000e+00
1.998300e+00, 0.000000e+00
2.531500e+00, 0.000000e+00
3.018900e+00, -0.000000e+00
3.453400e+00, -0.000000e+00
3.828700e+00, -0.000000e+00
4.139500e+00, -0.000000e+00
4.381500e+00, -0.000000e+00
4.551900e+00, -0.000000e+00
4.648900e+00, -0.000000e+00
4.671900e+00, -0.000000e+00
4.621600e+00, -0.000000e+00
4.499800e+00, -0.000000e+00
4.309700e+00, -0.000000e+00
4.055300e+00, -0.000000e+00
3.741700e+00, -0.000000e+00
3.374900e+00, -0.000000e+00
2.961800e+00, -0.000000e+00
2.509900e+00, 0.000000e+00
2.027200e+00, 0.000000e+00
1.522000e+00, 0.000000e+00
1.003000e+00, 0.000000e+00
4.788000e-01, 0.000000e+00
4.170000e-02, 1.800000e+02
5.503000e-01, 1.800000e+02
1.038900e+00, 1.800000e+02
1.499800e+00, 1.800000e+02
1.926200e+00, 1.800000e+02
2.311800e+00, 1.800000e+02
2.651100e+00, 1.800000e+02
2.939700e+00, 1.800000e+02
3.174100e+00, 1.800000e+02
3.351700e+00, 1.800000e+02
3.471100e+00, 1.800000e+02
3.531800e+00, 1.800000e+02
3.534400e+00, 1.800000e+02
3.480600e+00, 1.800000e+02
3.372900e+00, 1.800000e+02
3.214800e+00, 1.800000e+02
3.010500e+00, 1.800000e+02
2.765000e+00, 1.800000e+02
2.483900e+00, 1.800000e+02
2.173300e+00, 1.800000e+02
1.839500e+00, 1.800000e+02
1.489300e+00, 1.800000e+02
1.129500e+00, 1.800000e+02
7.667000e-01, 1.800000e+02
4.076000e-01, 1.800000e+02
5.850000e-02, 1.800000e+02
2.747000e-01, 0.000000e+00
5.866000e-01, 0.000000e+00
8.724000e-01, 0.000000e+00
1.127900e+00, 0.000000e+00
1.349800e+00, 0.000000e+00
1.535500e+00, -0.000000e+00
1.683100e+00, -0.000000e+00
1.791800e+00, -0.000000e+00
1.861500e+00, -0.000000e+00
1.893000e+00, -0.000000e+00
1.887700e+00, -0.000000e+00
1.848100e+00, -0.000000e+00
1.776900e+00, -0.000000e+00
1.677800e+00, -0.000000e+00
1.554800e+00, -0.000000e+00
1.412400e+00, -0.000000e+00
1.255200e+00, -0.000000e+00
1.088300e+00, -0.000000e+00
9.164000e-01, -0.000000e+00
7.446000e-01, -0.000000e+00
5.775000e-01, 0.000000e+00
4.196000e-01, 0.000000e+00
2.750000e-01, 0.000000e+00
1.472000e-01, 0.000000e+00
3.920000e-02, 0.000000e+00
4.660000e-02, 1.800000e+02
1.085000e-01, 1.800000e+02
1.457000e-01, 1.800000e+02
1.579000e-01, 1.800000e+02
1.456000e-01, 1.800000e+02
1.102000e-01, 1.800000e+02
5.370000e-02, 1.800000e+02
2.120000e-02, 0.000000e+00
1.113000e-01, 0.000000e+00
2.126000e-01, 0.000000e+00
3.211000e-01, 0.000000e+00
4.320000e-01, 0.000000e+00
5.407000e-01, 0.000000e+00
6.422000e-01, 0.000000e+00
7.317000e-01, 0.000000e+00
8.045000e-01, 0.000000e+00
8.562000e-01, 0.000000e+00
8.827000e-01, 0.000000e+00
8.805000e-01, 0.000000e+00
8.468000e-01, 0.000000e+00
7.793000e-01, 0.000000e+00
6.768000e-01, 0.000000e+00
5.387000e-01, 0.000000e+00
3.654000e-01, 0.000000e+00
1.583000e-01, 0.000000e+00
8.040000e-02, 1.800000e+02
3.475000e-01, 1.800000e+02
6.388000e-01, 1.800000e+02
9.494000e-01, 1.800000e+02
1.273500e+00, 1.800000e+02
1.604800e+00, 1.800000e+02
1.936300e+00, 1.800000e+02
2.260700e+00, 1.800000e+02
2.570200e+00, 1.800000e+02
2.857000e+00, 1.800000e+02
3.113500e+00, 1.800000e+02
3.331900e+00, 1.800000e+02
3.505200e+00, 1.800000e+02
3.626500e+00, 1.800000e+02
3.690000e+00, 1.800000e+02
3.690500e+00, 1.800000e+02
3.624000e+00, 1.800000e+02
3.487400e+00, 1.800000e+02
3.278900e+00, 1.800000e+02
2.998200e+00, 1.800000e+02
2.646300e+00, 1.800000e+02
2.225500e+00, 1.800000e+02
1.739800e+00, 1.800000e+02
1.194500e+00, 1.800000e+02
5.963000e-01, 1.800000e+02
4.680000e-02, 0.000000e+00
7.253000e-01, 0.000000e+00
1.429000e+00, 0.000000e+00
2.146400e+00, 0.000000e+00
2.865500e+00, 0.000000e+00
3.573300e+00, 0.000000e+00
4.257000e+00, 0.000000e+00
4.903100e+00, 0.000000e+00
5.498500e+00, 0.000000e+00
6.030500e+00, 0.000000e+00
6.486800e+00, 0.000000e+00
6.856000e+00, 0.000000e+00
7.127800e+00, 0.000000e+00
7.293200e+00, 0.000000e+00
7.344700e+00, 0.000000e+00
7.276700e+00, 0.000000e+00
7.085100e+00, 0.000000e+00
6.768100e+00, 0.000000e+00
6.326000e+00, 0.000000e+00
5.761200e+00, 0.000000e+00
5.078500e+00, 0.000000e+00
4.284600e+00, 0.000000e+00
3.388700e+00, 0.000000e+00
2.401900e+00, 0.000000e+00
1.337500e+00, 0.000000e+00
2.104000e-01, 0.000000e+00
9.629000e-01, 1.800000e+02
2.164300e+00, 1.800000e+02
3.374800e+00, 1.800000e+02
4.574600e+00, 1.800000e+02
5.743300e+00, 1.800000e+02
6.860300e+00, 1.800000e+02
7.905300e+00, 1.800000e+02
8.858400e+00, 1.800000e+02
9.700900e+00, 1.800000e+02
1.041500e+01, 1.800000e+02
1.098470e+01, 1.800000e+02
1.139580e+01, 1.800000e+02
1.163640e+01, 1.800000e+02
1.169710e+01, 1.800000e+02
1.157110e+01, 1.800000e+02
1.125460e+01, 1.800000e+02
1.074700e+01, 1.800000e+02
1.005050e+01, 1.800000e+02
9.170800e+00, 1.800000e+02
8.116700e+00, 1.800000e+02
6.900300e+00, 1.800000e+02
5.536600e+00, 1.800000e+02
4.043500e+00, 1.800000e+02
2.441500e+00, 1.800000e+02
7.536000e-01, 1.800000e+02
9.952000e-01, 0.000000e+00
2.778100e+00, 0.000000e+00
4.567300e+00, 0.000000e+00
6.333800e+00, 0.000000e+00
8.048300e+00, 0.000000e+00
9.681600e+00, 0.000000e+00
1.120510e+01, 0.000000e+00
1.259110e+01, 0.000000e+00
1.381350e+01, 0.000000e+00
1.484820e+01, 0.000000e+00
1.567350e+01, 0.000000e+00
1.627080e+01, 0.000000e+00
1.662440e+01, 0.000000e+00
1.672240e+01, 0.000000e+00
1.655670e+01, 0.000000e+00
1.612330e+01, 0.000000e+00
1.542260e+01, 0.000000e+00
1.445910e+01, 0.000000e+00
1.324180e+01, 0.000000e+00
1.178420e+01, 0.000000e+00
1.010390e+01, 0.000000e+00
8.222400e+00, 0.000000e+00
6.165100e+00, 0.000000e+00
3.960900e+00, 0.000000e+00
1.641800e+00, 0.000000e+00
7.579000e-01, 1.800000e+02
3.201500e+00, 1.800000e+02
5.650900e+00, 1.800000e+02
8.066900e+00, 1.800000e+02
1.041030e+01, 1.800000e+02
1.264180e+01, 1.800000e+02
1.472320e+01, 1.800000e+02
1.661800e+01, 1.800000e+02
1.829170e+01, 1.800000e+02
1.971280e+01, 1.800000e+02
2.085310e+01, 1.800000e+02
2.168840e+01, 1.800000e+02
2.219860e+01, 1.800000e+02
2.236890e+01, 1.800000e+02
2.218930e+01, 1.800000e+02
2.165530e+01, 1.800000e+02
2.076800e+01, 1.800000e+02
1.953430e+01, 1.800000e+02
1.796660e+01, 1.800000e+02
1.608320e+01, 1.800000e+02
1.390750e+01, 1.800000e+02
1.146830e+01, 1.800000e+02
8.799100e+00, 1.800000e+02
5.937800e+00, 1.800000e+02
2.926100e+00, 1.800000e+02
1.911000e-01, 0.000000e+00
3.366300e+00, 0.000000e+00
6.550200e+00, 0.000000e+00
9.692500e+00, 0.000000e+00
1.274240e+01, 0.000000e+00
1.564970e+01, 0.000000e+00
1.836570e+01, 0.000000e+00
2.084350e+01, 0.000000e+00
2.303960e+01, 0.000000e+00
2.491380e+01, 0.000000e+00
2.643040e+01, 0.000000e+00
2.755900e+01, 0.000000e+00
2.827440e+01, 0.000000e+00
2.855800e+01, 0.000000e+00
2.839750e+01, 0.000000e+00
2.778740e+01, 0.000000e+00
2.672940e+01, 0.000000e+00
2.523240e+01, 0.000000e+00
2.331240e+01, 0.000000e+00
2.099230e+01, 0.000000e+00
1.830200e+01, 0.000000e+00
1.527750e+01, 0.000000e+00
1.196110e+01, 0.000000e+00
8.400100e+00, 0.000000e+00
4.646800e+00, 0.000000e+00
7.572000e-01, 0.000000e+00
3.209500e+00, 1.800000e+02
7.192000e+00, 1.800000e+02
1.112740e+01, 1.800000e+02
1.495300e+01, 1.800000e+02
1.860650e+01, 1.800000e+02
2.202750e+01, 1.800000e+02
2.515810e+01, 1.800000e+02
2.794430e+01, 1.800000e+02
3.033660e+01, 1.800000e+02
3.229110e+01, 1.800000e+02
3.376990e+01, 1.800000e+02
3.474230e+01, 1.800000e+02
3.518510e+01, 1.800000e+02
3.508300e+01, 1.800000e+02
3.442920e+01, 1.800000e+02
3.322570e+01, 1.800000e+02
3.148300e+01, 1.800000e+02
2.922030e+01, 1.800000e+02
2.646550e+01, 1.800000e+02
2.325460e+01, 1.800000e+02
1.963150e+01, 1.800000e+02
1.564700e+01, 1.800000e+02
1.135850e+01, 1.800000e+02
6.829200e+00, 1.800000e+02
2.126900e+00, 1.800000e+02
2.677000e+00, 0.000000e+00
7.508300e+00, 0.000000e+00
1.229130e+01, 0.000000e+00
1.695000e+01, 0.000000e+00
2.140960e+01, 0.000000e+00
2.559680e+01, 0.000000e+00
2.944220e+01, 0.000000e+00
3.288040e+01, 0.000000e+00
3.585170e+01, 0.000000e+00
3.830300e+01, 0.000000e+00
4.018850e+01, 0.000000e+00
4.147100e+01, 0.000000e+00
4.212210e+01, 0.000000e+00
4.212310e+01, 0.000000e+00
4.146520e+01, 0.000000e+00
4.014990e+01, 0.000000e+00
3.818930e+01, 0.000000e+00
3.560560e+01, 0.000000e+00
3.243130e+01, 0.000000e+00
2.870850e+01, 0.000000e+00
2.448850e+01, 0.000000e+00
1.983120e+01, 0.000000e+00
1.480410e+01, 0.000000e+00
9.481500e+00, 0.000000e+00
3.943100e+00, 0.000000e+00
1.726900e+00, 1.800000e+02
7.441000e+00, 1.800000e+02
1.311030e+01, 1.800000e+02
1.864510e+01, 1.800000e+02
2.395690e+01, 1.800000e+02
2.895970e+01, 1.800000e+02
3.357120e+01, 1.800000e+02
3.771440e+01, 1.800000e+02
4.131850e+01, 1.800000e+02
4.432060e+01, 1.800000e+02
4.666640e+01, 1.800000e+02
4.831140e+01, 1.800000e+02
4.922140e+01, 1.800000e+02
4.937360e+01, 1.800000e+02
4.875670e+01, 1.800000e+02
4.737140e+01, 1.800000e+02
4.523060e+01, 1.800000e+02
4.235910e+01, 1.800000e+02
3.879360e+01, 1.800000e+02
3.458210e+01, 1.800000e+02
2.978330e+01, 1.800000e+02
2.446570e+01, 1.800000e+02
1.870680e+01, 1.800000e+02
1.259200e+01, 1.800000e+02
6.213000e+00, 1.800000e+02
3.331000e-01, 0.000000e+00
6.945500e+00, 0.000000e+00
1.352160e+01, 0.000000e+00
1.995790e+01, 0.000000e+00
2.615220e+01, 0.000000e+00
3.200480e+01, 0.000000e+00
3.742060e+01, 0.000000e+00
4.231000e+01, 0.000000e+00
4.659110e+01, 0.000000e+00
5.019050e+01, 0.000000e+00
5.304470e+01, 0.000000e+00
5.510140e+01, 0.000000e+00
5.632020e+01, 0.000000e+00
5.667330e+01, 0.000000e+00
5.614660e+01, 0.000000e+00
5.473920e+01, 0.000000e+00
5.246450e+01, 0.000000e+00
4.934920e+01, 0.000000e+00
4.543370e+01, 0.000000e+00
4.077140e+01, 0.000000e+00
3.542790e+01, 0.000000e+00
2.947990e+01, 0.000000e+00
2.301470e+01, 0.000000e+00
1.612830e+01, 0.000000e+00
8.924400e+00, 0.000000e+00
1.512500e+00, 0.000000e+00
5.993400e+00, 1.800000e+02
1.347700e+01, 1.800000e+02
2.082090e+01, 1.800000e+02
2.790920e+01, 1.800000e+02
3.462870e+01, 1.800000e+02
4.087090e+01, 1.800000e+02
4.653380e+01, 1.800000e+02
5.152380e+01, 1.800000e+02
5.575670e+01, 1.800000e+02
5.915950e+01, 1.800000e+02
6.167170e+01, 1.800000e+02
6.324590e+01, 1.800000e+02
6.384930e+01, 1.800000e+02
6.346400e+01, 1.800000e+02
6.208710e+01, 1.800000e+02
5.973160e+01, 1.800000e+02
5.642580e+01, 1.800000e+02
5.221320e+01, 1.800000e+02
4.715160e+01, 1.800000e+02
4.131300e+01, 1.800000e+02
3.478190e+01, 1.800000e+02
2.765440e+01, 1.800000e+02
2.003690e+01, 1.800000e+02
1.204420e+01, 1.800000e+02
3.798000e+00, 1.800000e+02
4.575100e+00, 0.000000e+00
1.294550e+01, 0.000000e+00
2.118230e+01, 0.000000e+00
2.915610e+01, 0.000000e+00
3.674020e+01, 0.000000e+00
4.381310e+01, 0.000000e+00
5.026050e+01, 0.000000e+00
5.597670e+01, 0.000000e+00
6.086690e+01, 0.000000e+00
6.484830e+01, 0.000000e+00
6.785170e+01, 0.000000e+00
6.982280e+01, 0.000000e+00
7.072290e+01, 0.000000e+00
7.052990e+01, 0.000000e+00
6.923850e+01, 0.000000e+00
6.686060e+01, 0.000000e+00
6.342520e+01, 0.000000e+00
5.897800e+01, 0.000000e+00
5.358100e+01, 0.000000e+00
4.731130e+01, 0.000000e+00
4.026050e+01, 0.000000e+00
3.253280e+01, 0.000000e+00
2.424380e+01, 0.000000e+00
1.551890e+01, 0.000000e+00
6.491000e+00, 0.000000e+00
2.701400e+00, 1.800000e+02
1.191600e+01, 1.800000e+02
2.100930e+01, 1.800000e+02
2.983870e+01, 1.800000e+02
3.826480e+01, 1.800000e+02
4.615350e+01, 1.800000e+02
5.337810e+01, 1.800000e+02
5.982160e+01, 1.800000e+02
6.537840e+01, 1.800000e+02
6.995590e+01, 1.800000e+02
7.347640e+01, 1.800000e+02
7.587810e+01, 1.800000e+02
7.711620e+01, 1.800000e+02
7.716400e+01, 1.800000e+02
7.601310e+01, 1.800000e+02
7.367370e+01, 1.800000e+02
7.017490e+01, 1.800000e+02
6.556380e+01, 1.800000e+02
5.990540e+01, 1.800000e+02
5.328130e+01, 1.800000e+02
4.578880e+01, 1.800000e+02
3.753920e+01, 1.800000e+02
2.865650e+01, 1.800000e+02
1.927530e+01, 1.800000e+02
9.538700e+00, 1.800000e+02
4.038000e-01, 0.000000e+00
1.039850e+01, 0.000000e+00
2.029000e+01, 0.000000e+00
2.992380e+01, 0.000000e+00
3.914830e+01, 0.000000e+00
4.781750e+01, 0.000000e+00
5.579320e+01, 0.000000e+00
6.294740e+01, 0.000000e+00
6.916400e+01, 0.000000e+00
7.434110e+01, 0.000000e+00
7.839240e+01, 0.000000e+00
8.124850e+01, 0.000000e+00
8.285850e+01, 0.000000e+00
8.319070e+01, 0.000000e+00
8.223300e+01, 0.000000e+00
7.999360e+01, 0.000000e+00
7.650050e+01, 0.000000e+00
7.180150e+01, 0.000000e+00
6.596360e+01, 0.000000e+00
5.907180e+01, 0.000000e+00
5.122790e+01, 0.000000e+00
4.254930e+01, 0.000000e+00
3.316680e+01, 0.000000e+00
2.322280e+01, 0.000000e+00
1.286950e+01, 0.000000e+00
2.266000e+00, 0.000000e+00
8.424100e+00, 1.800000e+02
1.903480e+01, 1.800000e+02
2.940050e+01, 1.800000e+02
3.935890e+01, 1.800000e+02
4.875310e+01, 1.800000e+02
5.743430e+01, 1.800000e+02
6.526420e+01, 1.800000e+02
7.211700e+01, 1.800000e+02
7.788170e+01, 1.800000e+02
8.246380e+01, 1.800000e+02
8.578670e+01, 1.800000e+02
8.779320e+01, 1.800000e+02
8.844630e+01, 1.800000e+02
8.773000e+01, 1.800000e+02
8.564950e+01, 1.800000e+02
8.223150e+01, 1.800000e+02
7.752340e+01, 1.800000e+02
7.159310e+01, 1.800000e+02
6.452770e+01, 1.800000e+02
5.643250e+01, 1.800000e+02
4.742930e+01, 1.800000e+02
3.765430e+01, 1.800000e+02
2.725650e+01, 1.800000e+02
1.639510e+01, 1.800000e+02
5.237300e+00, 1.800000e+02
6.044700e+00, 0.000000e+00
1.727590e+01, 0.000000e+00
2.828140e+01, 0.000000e+00
3.888940e+01, 0.000000e+00
4.893340e+01, 0.000000e+00
5.825530e+01, 0.000000e+00
6.670740e+01, 0.000000e+00
7.415530e+01, 0.000000e+00
8.047960e+01, 0.000000e+00
8.557810e+01, 0.000000e+00
8.936720e+01, 0.000000e+00
9.178370e+01, 0.000000e+00
9.278510e+01, 0.000000e+00
9.235130e+01, 0.000000e+00
9.048430e+01, 0.000000e+00
8.720820e+01, 0.000000e+00
8.256950e+01, 0.000000e+00
7.663600e+01, 0.000000e+00
6.949570e+01, 0.000000e+00
6.125580e+01, 0.000000e+00
5.204090e+01, 0.000000e+00
4.199130e+01, 0.000000e+00
3.126070e+01, 0.000000e+00
2.001370e+01, 0.000000e+00
8.423600e+00, 0.000000e+00
3.330500e+00, 1.800000e+02
1.506640e+01, 1.800000e+02
2.660190e+01, 1.800000e+02
3.775700e+01, 1.800000e+02
4.835740e+01, 1.800000e+02
5.823690e+01, 1.800000e+02
6.724020e+01, 1.800000e+02
7.522490e+01, 1.800000e+02
8.206460e+01, 1.800000e+02
8.764990e+01, 1.800000e+02
9.189090e+01, 1.800000e+02
9.471850e+01, 1.800000e+02
9.608510e+01, 1.800000e+02
9.596620e+01, 1.800000e+02
9.436000e+01, 1.800000e+02
9.128790e+01, 1.800000e+02
8.679430e+01, 1.800000e+02
8.094580e+01, 1.800000e+02
7.383020e+01, 1.800000e+02
6.555530e+01, 1.800000e+02
5.624700e+01, 1.800000e+02
4.604780e+01, 1.800000e+02
3.511410e+01, 1.800000e+02
2.361420e+01, 1.800000e+02
1.172570e+01, 1.800000e+02
3.677000e-01, 0.000000e+00
1.247850e+01, 0.000000e+00
2.441880e+01, 0.000000e+00
3.600280e+01, 0.000000e+00
4.705000e+01, 0.000000e+00
5.738790e+01, 0.000000e+00
6.685480e+01, 0.000000e+00
7.530220e+01, 0.000000e+00
8.259730e+01, 0.000000e+00
8.862480e+01, 0.000000e+00
9.328930e+01, 0.000000e+00
9.651610e+01, 0.000000e+00
9.825300e+01, 0.000000e+00
9.847070e+01, 0.000000e+00
9.716380e+01, 0.000000e+00
9.435030e+01, 0.000000e+00
9.007180e+01, 0.000000e+00
8.439280e+01, 0.000000e+00
7.739960e+01, 0.000000e+00
6.919910e+01, 0.000000e+00
5.991710e+01, 0.000000e+00
4.969620e+01, 0.000000e+00
3.869420e+01, 0.000000e+00
2.708090e+01, 0.000000e+00
1.503580e+01, 0.000000e+00
2.745400e+00, 0.000000e+00
9.599800e+00, 1.800000e+02
2.180810e+01, 1.800000e+02
3.369020e+01, 1.800000e+02
4.506120e+01, 1.800000e+02
5.574420e+01, 1.800000e+02
6.557300e+01, 1.800000e+02
7.439420e+01, 1.800000e+02
8.207030e+01, 1.800000e+02
8.848130e+01, 1.800000e+02
9.352690e+01, 1.800000e+02
9.712790e+01, 1.800000e+02
9.922750e+01, 1.800000e+02
9.979220e+01, 1.800000e+02
9.881260e+01, 1.800000e+02
9.630300e+01, 1.800000e+02
9.230150e+01, 1.800000e+02
8.686970e+01, 1.800000e+02
8.009130e+01, 1.800000e+02
7.207090e+01, 1.800000e+02
6.293260e+01, 1.800000e+02
5.281770e+01, 1.800000e+02
4.188310e+01, 1.800000e+02
3.029800e+01, 1.800000e+02
1.824210e+01, 1.800000e+02
5.902400e+00, 1.800000e+02
6.529700e+00, 0.000000e+00
1.886150e+01, 0.000000e+00
3.090160e+01, 0.000000e+00
4.246330e+01, 0.000000e+00
5.336730e+01, 0.000000e+00
6.344440e+01, 0.000000e+00
7.253850e+01, 0.000000e+00
8.050870e+01, 0.000000e+00
8.723150e+01, 0.000000e+00
9.260290e+01, 0.000000e+00
9.654010e+01, 0.000000e+00
9.898230e+01, 0.000000e+00
9.989210e+01, 0.000000e+00
9.925610e+01, 0.000000e+00
9.708460e+01, 0.000000e+00
9.341200e+01, 0.000000e+00
8.829610e+01, 0.000000e+00
8.181670e+01, 0.000000e+00
7.407530e+01, 0.000000e+00
6.519250e+01, 0.000000e+00
5.530670e+01, 0.000000e+00
4.457200e+01, 0.000000e+00
3.315540e+01, 0.000000e+00
2.123430e+01, 0.000000e+00
8.994100e+00, 0.000000e+00
3.375300e+00, 1.800000e+02
1.568200e+01, 1.800000e+02
2.773510e+01, 1.800000e+02
3.934800e+01, 1.800000e+02
5.034120e+01, 1.800000e+02
6.054470e+01, 1.800000e+02
6.980120e+01, 1.800000e+02
7.796820e+01, 1.800000e+02
8.492010e+01, 1.800000e+02
9.055070e+01, 1.800000e+02
9.477420e+01, 1.800000e+02
9.752670e+01, 1.800000e+02
9.876750e+01, 1.800000e+02
9.847910e+01, 1.800000e+02
9.666800e+01, 1.800000e+02
9.336450e+01, 1.800000e+02
8.862170e+01, 1.800000e+02
8.251520e+01, 1.800000e+02
7.514160e+01, 1.800000e+02
6.661710e+01, 1.800000e+02
5.707560e+01, 1.800000e+02
4.666670e+01, 1.800000e+02
3.555290e+01, 1.800000e+02
2.390770e+01, 1.800000e+02
1.191260e+01, 1.800000e+02
2.460000e-01, 0.000000e+00
1.237940e+01, 0.000000e+00
2.429950e+01, 0.000000e+00
3.582190e+01, 0.000000e+00
4.676890e+01, 0.000000e+00
5.697180e+01, 0.000000e+00
6.627400e+01, 0.000000e+00
7.453310e+01, 0.000000e+00
8.162310e+01, 0.000000e+00
8.743660e+01, 0.000000e+00
9.188600e+01, 0.000000e+00
9.490540e+01, 0.000000e+00
9.645110e+01, 0.000000e+00
9.650220e+01, 0.000000e+00
9.506130e+01, 0.000000e+00
9.215410e+01, 0.000000e+00
8.782910e+01, 0.000000e+00
8.215650e+01, 0.000000e+00
7.522750e+01, 0.000000e+00
6.715240e+01, 0.000000e+00
5.805920e+01, 0.000000e+00
4.809130e+01, 0.000000e+00
3.740530e+01, 0.000000e+00
2.616870e+01, 0.000000e+00
1.455700e+01, 0.000000e+00
2.751100e+00, 0.000000e+00
9.065600e+00, 1.800000e+02
2.070990e+01, 1.800000e+02
3.200190e+01, 1.800000e+02
4.276760e+01, 1.800000e+02
5.284180e+01, 1.800000e+02
6.207020e+01, 1.800000e+02
7.031240e+01, 1.800000e+02
7.744360e+01, 1.800000e+02
8.335650e+01, 1.800000e+02
8.796330e+01, 1.800000e+02
9.119650e+01, 1.800000e+02
9.301030e+01, 1.800000e+02
9.338100e+01, 1.800000e+02
9.230740e+01, 1.800000e+02
8.981080e+01, 1.800000e+02
8.593440e+01, 1.800000e+02
8.074280e+01, 1.800000e+02
7.432080e+01, 1.800000e+02
6.677190e+01, 1.800000e+02
5.821700e+01, 1.800000e+02
4.879200e+01, 1.800000e+02
3.864580e+01, 1.800000e+02
2.793830e+01, 1.800000e+02
1.683720e+01, 1.800000e+02
5.515900e+00, 1.800000e+02
5.849400e+00, 0.000000e+00
1.708260e+01, 0.000000e+00
2.801010e+01, 0.000000e+00
3.846380e+01, 0.000000e+00
4.828350e+01, 0.000000e+00
5.731960e+01, 0.000000e+00
6.543510e+01, 0.000000e+00
7.250790e+01, 0.000000e+00
7.843260e+01, 0.000000e+00
8.312190e+01, 0.000000e+00
8.650810e+01, 0.000000e+00
8.854410e+01, 0.000000e+00
8.920380e+01, 0.000000e+00
8.848260e+01, 0.000000e+00
8.639760e+01, 0.000000e+00
8.298660e+01, 0.000000e+00
7.830810e+01, 0.000000e+00
7.244010e+01, 0.000000e+00
6.547850e+01, 0.000000e+00
5.753580e+01, 0.000000e+00
4.873950e+01, 0.000000e+00
3.922950e+01, 0.000000e+00
2.915630e+01, 0.000000e+00
1.867840e+01, 0.000000e+00
7.960000e+00, 0.000000e+00
2.831900e+00, 1.800000e+02
1.352980e+01, 1.800000e+02
2.396850e+01, 1.800000e+02
3.398740e+01, 1.800000e+02
4.343360e+01, 1.800000e+02
5.216330e+01, 1.800000e+02
6.004500e+01, 1.800000e+02
6.696060e+01, 1.800000e+02
7.280780e+01, 1.800000e+02
7.750140e+01, 1.800000e+02
8.097450e+01, 1.800000e+02
8.317930e+01, 1.800000e+02
8.408830e+01, 1.800000e+02
8.369380e+01, 1.800000e+02
8.200890e+01, 1.800000e+02
7.906620e+01, 1.800000e+02
7.491790e+01, 1.800000e+02
6.963460e+01, 1.800000e+02
6.330410e+01, 1.800000e+02
5.603020e+01, 1.800000e+02
4.793050e+01, 1.800000e+02
3.913490e+01, 1.800000e+02
2.978350e+01, 1.800000e+02
2.002400e+01, 1.800000e+02
1.001000e+01, 1.800000e+02
1.021000e-01, 0.000000e+00
1.015520e+01, 0.000000e+00
1.999400e+01, 0.000000e+00
2.946730e+01, 0.000000e+00
3.843050e+01, 0.000000e+00
4.674790e+01, 0.000000e+00
5.429450e+01, 0.000000e+00
6.095790e+01, 0.000000e+00
6.664020e+01, 0.000000e+00
7.125930e+01, 0.000000e+00
7.475010e+01, 0.000000e+00
7.706540e+01, 0.000000e+00
7.817660e+01, 0.000000e+00
7.807380e+01, 0.000000e+00
7.676620e+01, 0.000000e+00
7.428150e+01, 0.000000e+00
7.066570e+01, 0.000000e+00
6.598170e+01, 0.000000e+00
6.030910e+01, 0.000000e+00
5.374190e+01, 0.000000e+00
4.638770e+01, 0.000000e+00
3.836530e+01, 0.000000e+00
2.980350e+01, 0.000000e+00
2.083820e+01, 0.000000e+00
1.161100e+01, 0.000000e+00
2.266600e+00, 0.000000e+00
7.049700e+00, 1.800000e+02
1.619370e+01, 1.800000e+02
2.502510e+01, 1.800000e+02
3.340930e+01, 1.800000e+02
4.121960e+01, 1.800000e+02
4.833890e+01, 1.800000e+02
5.466200e+01, 1.800000e+02
6.009650e+01, 1.800000e+02
6.456460e+01, 1.800000e+02
6.800390e+01, 1.800000e+02
7.036870e+01, 1.800000e+02
7.163000e+01, 1.800000e+02
7.177640e+01, 1.800000e+02
7.081370e+01, 1.800000e+02
6.876490e+01, 1.800000e+02
6.567000e+01, 1.800000e+02
6.158450e+01, 1.800000e+02
5.657910e+01, 1.800000e+02
5.073840e+01, 1.800000e+02
4.415890e+01, 1.800000e+02
3.694840e+01, 1.800000e+02
2.922320e+01, 1.800000e+02
2.110690e+01, 1.800000e+02
1.272830e+01, 1.800000e+02
4.219100e+00, 1.800000e+02
4.287900e+00, 0.000000e+00
1.266100e+01, 0.000000e+00
2.077170e+01, 0.000000e+00
2.849630e+01, 0.000000e+00
3.571850e+01, 0.000000e+00
4.233060e+01, 0.000000e+00
4.823500e+01, 0.000000e+00
5.334620e+01, 0.000000e+00
5.759160e+01, 0.000000e+00
6.091270e+01, 0.000000e+00
6.326570e+01, 0.000000e+00
6.462240e+01, 0.000000e+00
6.497020e+01, 0.000000e+00
6.431220e+01, 0.000000e+00
6.266730e+01, 0.000000e+00
6.006940e+01, 0.000000e+00
5.656700e+01, 0.000000e+00
5.222220e+01, 0.000000e+00
4.710960e+01, 0.000000e+00
4.131520e+01, 0.000000e+00
3.493470e+01, 0.000000e+00
2.807220e+01, 0.000000e+00
2.083820e+01, 0.000000e+00
1.334810e+01, 0.000000e+00
5.720200e+00, 0.000000e+00
1.926100e+00, 1.800000e+02
9.472200e+00, 1.800000e+02
1.680230e+01, 1.800000e+02
2.380470e+01, 1.800000e+02
3.037420e+01, 1.800000e+02
3.641300e+01, 1.800000e+02
4.183260e+01, 1.800000e+02
4.655500e+01, 1.800000e+02
5.051370e+01, 1.800000e+02
5.365460e+01, 1.800000e+02
5.593710e+01, 1.800000e+02
5.733400e+01, 1.800000e+02
5.783250e+01, 1.800000e+02
5.743350e+01, 1.800000e+02
5.615220e+01, 1.800000e+02
5.401710e+01, 1.800000e+02
5.106970e+01, 1.800000e+02
4.736390e+01, 1.800000e+02
4.296470e+01, 1.800000e+02
3.794720e+01, 1.800000e+02
3.239560e+01, 1.800000e+02
2.640120e+01, 1.800000e+02
2.006150e+01, 1.800000e+02
1.347820e+01, 1.800000e+02
6.755800e+00, 1.800000e+02
0.000000e+00, 1.800000e+02
6.684300e+00, 0.000000e+00
1.319430e+01, 0.000000e+00
1.943090e+01, 0.000000e+00
2.530060e+01, 0.000000e+00
3.071630e+01, 0.000000e+00
3.559900e+01, 0.000000e+00
3.987890e+01, 0.000000e+00
4.349630e+01, 0.000000e+00
4.640250e+01, 0.000000e+00
4.856020e+01, 0.000000e+00
4.994440e+01, 0.000000e+00
5.054230e+01, 0.000000e+00
5.035340e+01, 0.000000e+00
4.938960e+01, 0.000000e+00
4.767460e+01, 0.000000e+00
4.524360e+01, 0.000000e+00
4.214240e+01, 0.000000e+00
3.842690e+01, 0.000000e+00
3.416180e+01, 0.000000e+00
2.941960e+01, 0.000000e+00
2.427930e+01, 0.000000e+00
1.882540e+01, 0.000000e+00
1.314610e+01, 0.000000e+00
7.332000e+00, 0.000000e+00
1.475000e+00, 0.000000e+00
4.333700e+00, 1.800000e+02
1.000470e+01, 1.800000e+02
1.545170e+01, 1.800000e+02
2.059310e+01, 1.800000e+02
2.535280e+01, 1.800000e+02
2.966200e+01, 1.800000e+02
3.345930e+01, 1.800000e+02
3.669230e+01, 1.800000e+02
3.931810e+01, 1.800000e+02
4.130360e+01, 1.800000e+02
4.262610e+01, 1.800000e+02
4.327380e+01, 1.800000e+02
4.324510e+01, 1.800000e+02
4.254930e+01, 1.800000e+02
4.120600e+01, 1.800000e+02
3.924430e+01, 1.800000e+02
3.670290e+01, 1.800000e+02
3.362870e+01, 1.800000e+02
3.007670e+01, 1.800000e+02
2.610830e+01, 1.800000e+02
2.179050e+01, 1.800000e+02
1.719520e+01, 1.800000e+02
1.239730e+01, 1.800000e+02
7.474100e+00, 1.800000e+02
2.503600e+00, 1.800000e+02
2.436400e+00, 0.000000e+00
7.269700e+00, 0.000000e+00
1.192270e+01, 0.000000e+00
1.632590e+01, 0.000000e+00
2.041450e+01, 0.000000e+00
2.412940e+01, 0.000000e+00
2.741840e+01, 0.000000e+00
3.023650e+01, 0.000000e+00
3.254690e+01, 0.000000e+00
3.432100e+01, 0.000000e+00
3.553910e+01, 0.000000e+00
3.619050e+01, 0.000000e+00
3.627350e+01, 0.000000e+00
3.579510e+01, 0.000000e+00
3.477140e+01, 0.000000e+00
3.322620e+01, 0.000000e+00
3.119150e+01, 0.000000e+00
2.870630e+01, 0.000000e+00
2.581600e+01, 0.000000e+00
2.257190e+01, 0.000000e+00
1.902970e+01, 0.000000e+00
1.524910e+01, 0.000000e+00
1.129250e+01, 0.000000e+00
7.224200e+00, 0.000000e+00
3.109000e+00, 0.000000e+00
9.882000e-01, 1.800000e+02
5.004100e+00, 1.800000e+02
8.877700e+00, 1.800000e+02
1.255110e+01, 1.800000e+02
1.597030e+01, 1.800000e+02
1.908650e+01, 1.800000e+02
2.185620e+01, 1.800000e+02
2.424210e+01, 1.800000e+02
2.621340e+01, 1.800000e+02
2.774660e+01, 1.800000e+02
2.882500e+01, 1.800000e+02
2.943970e+01, 1.800000e+02
2.958900e+01, 1.800000e+02
2.927850e+01, 1.800000e+02
2.852110e+01, 1.800000e+02
2.733620e+01, 1.800000e+02
2.574980e+01, 1.800000e+02
2.379360e+01, 1.800000e+02
2.150460e+01, 1.800000e+02
1.892430e+01, 1.800000e+02
1.609800e+01, 1.800000e+02
1.307430e+01, 1.800000e+02
9.903700e+00, 1.800000e+02
6.638300e+00, 1.800000e+02
3.330600e+00, 1.800000e+02
3.310000e-02, 1.800000e+02
3.203200e+00, 0.000000e+00
6.329000e+00, 0.000000e+00
9.297700e+00, 0.000000e+00
1.206600e+01, 0.000000e+00
1.459450e+01, 0.000000e+00
1.684840e+01, 0.000000e+00
1.879790e+01, 0.000000e+00
2.041860e+01, 0.000000e+00
2.169150e+01, 0.000000e+00
2.260360e+01, 0.000000e+00
2.314780e+01, 0.000000e+00
2.332310e+01, 0.000000e+00
2.313390e+01, 0.000000e+00
2.259070e+01, 0.000000e+00
2.170900e+01, 0.000000e+00
2.050970e+01, 0.000000e+00
1.901790e+01, 0.000000e+00
1.726290e+01, 0.000000e+00
1.527780e+01, 0.000000e+00
1.309820e+01, 0.000000e+00
1.076250e+01, 0.000000e+00
8.310400e+00, 0.000000e+00
5.782800e+00, 0.000000e+00
3.220700e+00, 0.000000e+00
6.651000e-01, 0.000000e+00
1.844300e+00, 1.800000e+02
4.269100e+00, 1.800000e+02
6.573400e+00, 1.800000e+02
8.723700e+00, 1.800000e+02
1.068990e+01, 1.800000e+02
1.244530e+01, 1.800000e+02
1.396720e+01, 1.800000e+02
1.523710e+01, 1.800000e+02
1.624100e+01, 1.800000e+02
1.696940e+01, 1.800000e+02
1.741730e+01, 1.800000e+02
1.758430e+01, 1.800000e+02
1.747450e+01, 1.800000e+02
1.709620e+01, 1.800000e+02
1.646200e+01, 1.800000e+02
1.558810e+01, 1.800000e+02
1.449400e+01, 1.800000e+02
1.320250e+01, 1.800000e+02
1.173870e+01, 1.800000e+02
1.013020e+01, 1.800000e+02
8.405700e+00, 1.800000e+02
6.595600e+00, 1.800000e+02
4.730400e+00, 1.800000e+02
2.841000e+00, 1.800000e+02
9.579000e-01, 1.800000e+02
8.894000e-01, 0.000000e+00
2.672800e+00, 0.000000e+00
4.365700e+00, 0.000000e+00
5.944000e+00, 0.000000e+00
7.385800e+00, 0.000000e+00
8.672000e+00, 0.000000e+00
9.786700e+00, 0.000000e+00
1.071710e+01, 0.000000e+00
1.145360e+01, 0.000000e+00
1.199010e+01, 0.000000e+00
1.232390e+01, 0.000000e+00
1.245560e+01, 0.000000e+00
1.238910e+01, 0.000000e+00
1.213120e+01, 0.000000e+00
1.169190e+01, 0.000000e+00
1.108360e+01, 0.000000e+00
1.032110e+01, 0.000000e+00
9.421400e+00, 0.000000e+00
8.403100e+00, 0.000000e+00
7.286200e+00, 0.000000e+00
6.091700e+00, 0.000000e+00
4.841100e+00, 0.000000e+00
3.556300e+00, 0.000000e+00
2.259000e+00, 0.000000e+00
9.705000e-01, 0.000000e+00
2.890000e-01, 1.800000e+02
1.500000e+00, 1.800000e+02
2.644800e+00, 1.800000e+02
3.707300e+00, 1.800000e+02
4.673200e+00, 1.800000e+02
5.530200e+00, 1.800000e+02
6.268500e+00, 1.800000e+02
6.880400e+00, 1.800000e+02
7.360500e+00, 1.800000e+02
7.706100e+00, 1.800000e+02
7.916400e+00, 1.800000e+02
7.993300e+00, 1.800000e+02
7.940600e+00, 1.800000e+02
7.764200e+00, 1.800000e+02
7.471900e+00, 1.800000e+02
7.073200e+00, 1.800000e+02
6.578900e+00, 1.800000e+02
6.001100e+00, 1.800000e+02
5.352800e+00, 1.800000e+02
4.647700e+00, 1.800000e+02
3.900100e+00, 1.800000e+02
3.124100e+00, 1.800000e+02
2.334000e+00, 1.800000e+02
1.543700e+00, 1.800000e+02
7.665000e-01, 1.800000e+02
1.480000e-02, 1.800000e+02
6.998000e-01, 0.000000e+00
1.366900e+00, 0.000000e+00
1.977500e+00, 0.000000e+00
2.523900e+00, 0.000000e+00
2.999900e+00, 0.000000e+00
3.400900e+00, 0.000000e+00
3.723800e+00, 0.000000e+00
3.967100e+00, 0.000000e+00
4.130700e+00, 0.000000e+00
4.216100e+00, 0.000000e+00
4.226200e+00, 0.000000e+00
4.165100e+00, 0.000000e+00
4.037800e+00, 0.000000e+00
3.850700e+00, 0.000000e+00
3.610800e+00, 0.000000e+00
3.325700e+00, 0.000000e+00
3.003500e+00, 0.000000e+00
2.652700e+00, 0.000000e+00
2.281800e+00, 0.000000e+00
1.899300e+00, 0.000000e+00
1.513500e+00, 0.000000e+00
1.132000e+00, 0.000000e+00
7.624000e-01, 0.000000e+00
4.112000e-01, 0.000000e+00
8.430000e-02, 0.000000e+00
2.133000e-01, 1.800000e+02
4.774000e-01, 1.800000e+02
7.050000e-01, 1.800000e+02
8.939000e-01, 1.800000e+02
1.042900e+00, 1.800000e+02
1.152100e+00, 1.800000e+02
1.222200e+00, 1.800000e+02
1.254900e+00, 1.800000e+02
1.252700e+00, 1.800000e+02
1.218900e+00, 1.800000e+02
1.157300e+00, 1.800000e+02
1.072400e+00, 1.800000e+02
9.689000e-01, 1.800000e+02
8.518000e-01, 1.800000e+02
7.263000e-01, 1.800000e+02
5.974000e-01, 1.800000e+02
4.701000e-01, 1.800000e+02
3.493000e-01, 1.800000e+02
2.393000e-01, 1.800000e+02
1.440000e-01, 1.800000e+02
6.680000e-02, 1.800000e+02
1.030000e-02, 1.800000e+02
2.330000e-02, 0.000000e+00
3.290000e-02, 0.000000e+00
1.780000e-02, 0.000000e+00
2.180000e-02, 1.800000e+02
8.470000e-02, 1.800000e+02
1.694000e-01, 1.800000e+02
2.734000e-01, 1.800000e+02
3.938000e-01, 1.800000e+02
5.270000e-01, 1.800000e+02
6.689000e-01, 1.800000e+02
8.153000e-01, 1.800000e+02
9.616000e-01, 1.800000e+02
1.102900e+00, 1.800000e+02
1.234500e+00, 1.800000e+02
1.351700e+00, 1.800000e+02
1.450000e+00, 1.800000e+02
1.525400e+00, 1.800000e+02
1.574000e+00, 1.800000e+02
1.592700e+00, 1.800000e+02
1.578900e+00, 1.800000e+02
1.530700e+00, 1.800000e+02
1.446800e+00, 1.800000e+02
1.327000e+00, 1.800000e+02
1.171500e+00, 1.800000e+02
9.817000e-01, 1.800000e+02
7.597000e-01, 1.800000e+02
5.082000e-01, 1.800000e+02
2.309000e-01, 1.800000e+02
6.800000e-02, 0.000000e+00
3.836000e-01, 0.000000e+00
7.104000e-01, 0.000000e+00
1.042600e+00, 0.000000e+00
1.374100e+00, 0.000000e+00
1.698400e+00, -0.000000e+00
2.009000e+00, -0.000000e+00
2.299700e+00, -0.000000e+00
2.564200e+00, -0.000000e+00
2.796500e+00, -0.000000e+00
2.991200e+00, -0.000000e+00
3.143300e+00, -0.000000e+00
3.248700e+00, -0.000000e+00
3.303600e+00, -0.000000e+00
3.305600e+00, -0.000000e+00
3.252600e+00, -0.000000e+00
3.144000e+00, -0.000000e+00
2.980000e+00, -0.000000e+00
2.761600e+00, -0.000000e+00
2.491100e+00, -0.000000e+00
2.171600e+00, -0.000000e+00
1.807400e+00, 0.000000e+00
1.403400e+00, 0.000000e+00
9.655000e-01, 0.000000e+00
5.003000e-01, 0.000000e+00
1.490000e-02, 0.000000e+00
4.828000e-01, 1.800000e+02
9.848000e-01, 1.800000e+02
1.482700e+00, 1.800000e+02
1.968200e+00, 1.800000e+02
2.432900e+00, 1.800000e+02
2.868500e+00, 1.800000e+02
3.267200e+00, 1.800000e+02
3.621700e+00, 1.800000e+02
3.925300e+00, 1.800000e+02
4.172100e+00, 1.800000e+02
4.356800e+00, 1.800000e+02
4.475500e+00, 1.800000e+02
4.524900e+00, 1.800000e+02
4.503300e+00, 1.800000e+02
4.409700e+00, 1.800000e+02
4.244500e+00, 1.800000e+02
4.009500e+00, 1.800000e+02
3.707400e+00, 1.800000e+02
3.342000e+00, 1.800000e+02
2.918600e+00, 1.800000e+02
2.443200e+00, 1.800000e+02
1.922800e+00, 1.800000e+02
1.365200e+00, 1.800000e+02
7.791000e-01, 1.800000e+02
1.735000e-01, 1.800000e+02
4.420000e-01, 0.000000e+00
1.057500e+00, 0.000000e+00
1.663300e+00, 0.000000e+00
2.249300e+00, 0.000000e+00
2.806100e+00, 0.000000e+00
3.324300e+00, -0.000000e+00
3.795300e+00, -0.000000e+00
4.211000e+00, -0.000000e+00
4.564500e+00, -0.000000e+00
4.849300e+00, -0.000000e+00
5.060500e+00, -0.000000e+00
5.194000e+00, -0.000000e+00
5.247200e+00, -0.000000e+00
5.218500e+00, -0.000000e+00
5.107800e+00, -0.000000e+00
4.916300e+00, -0.000000e+00
4.646700e+00, -0.000000e+00
4.302500e+00, -0.000000e+00
3.888900e+00, -0.000000e+00
3.412100e+00, -0.000000e+00
2.879200e+00, -0.000000e+00
2.298400e+00, 0.000000e+00
1.678700e+00, 0.000000e+00
1.029800e+00, 0.000000e+00
3.618000e-01, 0.000000e+00
3.148000e-01, 1.800000e+02
9.893000e-01, 1.800000e+02
1.651000e+00, 1.800000e+02
2.289300e+00, 1.800000e+02
2.894200e+00, 1.800000e+02
3.455900e+00, 1.800000e+02
3.965400e+00, 1.800000e+02
4.414600e+00, 1.800000e+02
4.796100e+00, 1.800000e+02
5.103700e+00, 1.800000e+02
5.332500e+00, 1.800000e+02
5.478700e+00, 1.800000e+02
5.539900e+00, 1.800000e+02
5.514900e+00, 1.800000e+02
5.404000e+00, 1.800000e+02
5.208800e+00, 1.800000e+02
4.932400e+00, 1.800000e+02
4.579100e+00, 1.800000e+02
4.154300e+00, 1.800000e+02
3.664800e+00, 1.800000e+02
3.118200e+00, 1.800000e+02
2.523100e+00, 1.800000e+02
1.888900e+00, 1.800000e+02
1.225500e+00, 1.800000e+02
5.435000e-01, 1.800000e+02
1.465000e-01, 0.000000e+00
8.336000e-01, 0.000000e+00
1.506900e+00, 0.000000e+00
2.156000e+00, 0.000000e+00
2.770700e+00, 0.000000e+00
3.341400e+00, -0.000000e+00
3.859200e+00, -0.000000e+00
4.316100e+00, -0.000000e+00
4.705000e+00, -0.000000e+00
5.020000e+00, -0.000000e+00
5.256300e+00, -0.000000e+00
5.410400e+00, -0.000000e+00
5.480100e+00, -0.000000e+00
5.464600e+00, -0.000000e+00
5.364300e+00, -0.000000e+00
5.181200e+00, -0.000000e+00
4.918300e+00, -0.000000e+00
4.580100e+00, -0.000000e+00
4.172100e+00, -0.000000e+00
3.700900e+00, -0.000000e+00
3.174300e+00, -0.000000e+00
2.600700e+00, 0.000000e+00
1.989200e+00, 0.000000e+00
1.349600e+00, 0.000000e+00
6.920000e-01, 0.000000e+00
2.690000e-02, 0.000000e+00
6.354000e-01, 1.800000e+02
1.284500e+00, 1.800000e+02
1.910300e+00, 1.800000e+02
2.503200e+00, 1.800000e+02
3.054000e+00, 1.800000e+02
3.554400e+00, 1.800000e+02
3.996800e+00, 1.800000e+02
4.374700e+00, 1.800000e+02
4.682500e+00, 1.800000e+02
4.915900e+00, 1.800000e+02
5.071700e+00, 1.800000e+02
5.147900e+00, 1.800000e+02
5.143900e+00, 1.800000e+02
5.060300e+00, 1.800000e+02
4.898800e+00, 1.800000e+02
4.662700e+00, 1.800000e+02
4.356100e+00, 1.800000e+02
3.984300e+00, 1.800000e+02
3.553500e+00, 1.800000e+02
3.071100e+00, 1.800000e+02
2.544800e+00, 1.800000e+02
1.983300e+00, 1.800000e+02
1.395500e+00, 1.800000e+02
7.910000e-01, 1.800000e+02
1.792000e-01, 1.800000e+02
4.302000e-01, 0.000000e+00
1.027800e+00, 0.000000e+00
1.604300e+00, 0.000000e+00
2.150800e+00, 0.000000e+00
2.659200e+00, 0.000000e+00
3.121900e+00, -0.000000e+00
3.531900e+00, -0.000000e+00
3.883500e+00, -0.000000e+00
4.171700e+00, -0.000000e+00
4.392600e+00, -0.000000e+00
4.543400e+00, -0.000000e+00
4.622400e+00, -0.000000e+00
4.629100e+00, -0.000000e+00
4.564100e+00, -0.000000e+00
4.429200e+00, -0.000000e+00
4.227200e+00, -0.000000e+00
3.961900e+00, -0.000000e+00
3.638100e+00, -0.000000e+00
3.261600e+00, -0.000000e+00
2.838700e+00, -0.000000e+00
2.376600e+00, 0.000000e+00
1.882900e+00, 0.000000e+00
1.365600e+00, 0.000000e+00
8.331000e-01, 0.000000e+00
2.939000e-01, 0.000000e+00
2.435000e-01, 1.800000e+02
7.709000e-01, 1.800000e+02
1.280000e+00, 1.800000e+02
1.763200e+00, 1.800000e+02
2.213200e+00, 1.800000e+02
2.623500e+00, 1.800000e+02
2.988100e+00, 1.800000e+02
3.301800e+00, 1.800000e+02
3.560600e+00, 1.800000e+02
3.760900e+00, 1.800000e+02
3.900500e+00, 1.800000e+02
3.977900e+00, 1.800000e+02
3.992800e+00, 1.800000e+02
3.945800e+00, 1.800000e+02
3.838300e+00, 1.800000e+02
3.673000e+00, 1.800000e+02
3.453200e+00, 1.800000e+02
3.183000e+00, 1.800000e+02
2.867400e+00, 1.800000e+02
2.511900e+00, 1.800000e+02
2.122600e+00, 1.800000e+02
1.706200e+00, 1.800000e+02
1.269400e+00, 1.800000e+02
8.194000e-01, 1.800000e+02
3.634000e-01, 1.800000e+02
9.140000e-02, 0.000000e+00
5.380000e-01, 0.000000e+00
9.694000e-01, 0.000000e+00
1.379200e+00, 0.000000e+00
1.761400e+00, -0.000000e+00
2.110300e+00, -0.000000e+00
2.421100e+00, -0.000000e+00
2.689500e+00, -0.000000e+00
2.912100e+00, -0.000000e+00
3.086000e+00, -0.000000e+00
3.209300e+00, -0.000000e+00
3.281000e+00, -0.000000e+00
3.300800e+00, -0.000000e+00
3.269100e+00, -0.000000e+00
3.187500e+00, -0.000000e+00
3.057900e+00, -0.000000e+00
2.883200e+00, -0.000000e+00
2.667000e+00, -0.000000e+00
2.413300e+00, -0.000000e+00
2.126600e+00, -0.000000e+00
1.812200e+00, -0.000000e+00
1.475300e+00, -0.000000e+00
1.121700e+00, 0.000000e+00
7.570000e-01, 0.000000e+00
3.874000e-01, 0.000000e+00
1.850000e-02, 0.000000e+00
3.438000e-01, 1.800000e+02
6.941000e-01, 1.800000e+02
1.027000e+00, 1.800000e+02
1.337700e+00, 1.800000e+02
1.621800e+00, 1.800000e+02
1.875300e+00, 1.800000e+02
2.094900e+00, 1.800000e+02
2.277700e+00, 1.800000e+02
2.421700e+00, 1.800000e+02
2.525400e+00, 1.800000e+02
2.587900e+00, 1.800000e+02
2.609100e+00, 1.800000e+02
2.589500e+00, 1.800000e+02
2.530200e+00, 1.800000e+02
2.433000e+00, 1.800000e+02
2.300100e+00, 1.800000e+02
2.134300e+00, 1.800000e+02
1.939000e+00, 1.800000e+02
1.717900e+00, 1.800000e+02
1.474800e+00, 1.800000e+02
1.214200e+00, 1.800000e+02
9.403000e-01, 1.800000e+02
6.580000e-01, 1.800000e+02
3.716000e-01, 1.800000e+02
8.580000e-02, 1.800000e+02
1.949000e-01, 0.000000e+00
4.663000e-01, 0.000000e+00
7.244000e-01, 0.000000e+00
9.653000e-01, 0.000000e+00
1.185700e+00, 0.000000e+00
1.382600e+00, 0.000000e+00
1.553600e+00, -0.000000e+00
1.696400e+00, -0.000000e+00
1.809600e+00, -0.000000e+00
1.892000e+00, -0.000000e+00
1.943100e+00, -0.000000e+00
1.962900e+00, -0.000000e+00
1.951700e+00, -0.000000e+00
1.910500e+00, -0.000000e+00
1.840800e+00, -0.000000e+00
1.744200e+00, -0.000000e+00
1.623000e+00, -0.000000e+00
1.479600e+00, -0.000000e+00
1.317000e+00, -0.000000e+00
1.138100e+00, -0.000000e+00
9.461000e-01, -0.000000e+00
7.444000e-01, 0.000000e+00
5.365000e-01, 0.000000e+00
3.256000e-01, 0.000000e+00
1.154000e-01, 0.000000e+00
9.110000e-02, 1.800000e+02
2.906000e-01, 1.800000e+02
4.801000e-01, 1.800000e+02
6.571000e-01, 1.800000e+02
8.189000e-01, 1.800000e+02
9.636000e-01, 1.800000e+02
1.089300e+00, 1.800000e+02
1.194500e+00, 1.800000e+02
1.278100e+00, 1.800000e+02
1.339500e+00, 1.800000e+02
1.378400e+00, 1.800000e+02
1.394600e+00, 1.800000e+02
1.388700e+00, 1.800000e+02
1.361400e+00, 1.800000e+02
1.313700e+00, 1.800000e+02
1.247000e+00, 1.800000e+02
1.162900e+00, 1.800000e+02
1.063200e+00, 1.800000e+02
9.500000e-01, 1.800000e+02
8.255000e-01, 1.800000e+02
6.920000e-01, 1.800000e+02
5.518000e-01, 1.800000e+02
4.074000e-01, 1.800000e+02
2.613000e-01, 1.800000e+02
1.157000e-01, 1.800000e+02
2.710000e-02, 0.000000e+00
1.648000e-01, 0.000000e+00
2.955000e-01, 0.000000e+00
4.172000e-01, 0.000000e+00
5.285000e-01, 0.000000e+00
6.278000e-01, 0.000000e+00
7.140000e-01, -0.000000e+00
7.862000e-01, -0.000000e+00
8.436000e-01, -0.000000e+00
8.859000e-01, -0.000000e+00
9.128000e-01, -0.000000e+00
9.246000e-01, -0.000000e+00
9.215000e-01, -0.000000e+00
9.041000e-01, -0.000000e+00
8.732000e-01, -0.000000e+00
8.298000e-01, -0.000000e+00
7.749000e-01, -0.000000e+00
7.099000e-01, -0.000000e+00
6.361000e-01, -0.000000e+00
5.552000e-01, -0.000000e+00
4.685000e-01, -0.000000e+00
3.777000e-01, -0.000000e+00
2.845000e-01, 0.000000e+00
1.904000e-01, 0.000000e+00
9.680000e-02, 0.000000e+00
5.400000e-03, 0.000000e+00
8.250000e-02, 1.800000e+02
1.656000e-01, 1.800000e+02
2.429000e-01, 1.800000e+02
3.133000e-01, 1.800000e+02
3.759000e-01, 1.800000e+02
4.300000e-01, 1.800000e+02
4.751000e-01, 1.800000e+02
5.109000e-01, 1.800000e+02
5.372000e-01, 1.800000e+02
5.539000e-01, 1.800000e+02
5.611000e-01, 1.800000e+02
5.592000e-01, 1.800000e+02
5.486000e-01, 1.800000e+02
5.297000e-01, 1.800000e+02
5.033000e-01, 1.800000e+02
4.702000e-01, 1.800000e+02
4.310000e-01, 1.800000e+02
3.868000e-01, 1.800000e+02
3.385000e-01, 1.800000e+02
2.871000e-01, 1.800000e+02
2.334000e-01, 1.800000e+02
1.786000e-01, 1.800000e+02
1.235000e-01, 1.800000e+02
6.910000e-02, 1.800000e+02
1.610000e-02, 1.800000e+02
3.450000e-02, 0.000000e+00
8.210000e-02, 0.000000e+00
1.261000e-01, 0.000000e+00
1.658000e-01, 0.000000e+00
2.010000e-01, -0.000000e+00
2.311000e-01, -0.000000e+00
2.561000e-01, -0.000000e+00
2.756000e-01, -0.000000e+00
2.897000e-01, -0.000000e+00
2.984000e-01, -0.000000e+00
3.019000e-01, -0.000000e+00
3.004000e-01, -0.000000e+00
2.941000e-01, -0.000000e+00
2.834000e-01, -0.000000e+00
2.688000e-01, -0.000000e+00
2.506000e-01, -0.000000e+00
2.295000e-01, -0.000000e+00
2.058000e-01, -0.000000e+00
1.802000e-01, -0.000000e+00
1.531000e-01, -0.000000e+00
1.252000e-01, 0.000000e+00
9.680000e-02, 0.000000e+00
6.860000e-02, 0.000000e+00
4.100000e-02, 0.000000e+00
1.440000e-02, 0.000000e+00
1.070000e-02, 1.800000e+02
3.420000e-02, 1.800000e+02
5.550000e-02, 1.800000e+02
7.460000e-02, 1.800000e+02
9.130000e-02, 1.800000e+02
1.053000e-01, 1.800000e+02
1.167000e-01, 1.800000e+02
1.254000e-01, 1.800000e+02
1.314000e-01, 1.800000e+02
1.349000e-01, 1.800000e+02
1.359000e-01, 1.800000e+02
1.345000e-01, 1.800000e+02
1.310000e-01, 1.800000e+02
1.256000e-01, 1.800000e+02
1.184000e-01, 1.800000e+02
1.098000e-01, 1.800000e+02
1.000000e-01, 1.800000e+02
8.930000e-02, 1.800000e+02
7.780000e-02, 1.800000e+02
6.600000e-02, 1.800000e+02
5.390000e-02, 1.800000e+02
4.190000e-02, 1.800000e+02
3.020000e-02, 1.800000e+02
1.890000e-02, 1.800000e+02
8.200000e-03, 1.800000e+02
1.700000e-03, 0.000000e+00
1.080000e-02, 0.000000e+00
1.880000e-02, 0.000000e+00
2.590000e-02, 0.000000e+00
3.180000e-02, 0.000000e+00
3.660000e-02, -0.000000e+00
4.040000e-02, -0.000000e+00
4.300000e-02, -0.000000e+00
4.470000e-02, -0.000000e+00
4.540000e-02, -0.000000e+00
4.520000e-02, -0.000000e+00
4.410000e-02, -0.000000e+00
4.240000e-02, -0.000000e+00
4.010000e-02, -0.000000e+00
3.730000e-02, -0.000000e+00
3.410000e-02, -0.000000e+00
3.060000e-02, -0.000000e+00
2.690000e-02, -0.000000e+00
2.310000e-02, -0.000000e+00
1.930000e-02, -0.000000e+00
1.560000e-02, -0.000000e+00
1.200000e-02, -0.000000e+00
8.600000e-03, 0.000000e+00
5.500000e-03, 0.000000e+00
2.700000e-03, 0.000000e+00
2.000000e-04, 0.000000e+00
2.000000e-03, 1.800000e+02
3.900000e-03, 1.800000e+02
5.400000e-03, 1.800000e+02
6.500000e-03, 1.800000e+02
7.400000e-03, 1.800000e+02
8.000000e-03, 1.800000e+02
8.200000e-03, 1.800000e+02
8.300000e-03, 1.800000e+02
8.100000e-03, 1.800000e+02
7.800000e-03, 1.800000e+02
7.400000e-03, 1.800000e+02
6.800000e-03, 1.800000e+02
6.200000e-03, 1.800000e+02
5.500000e-03, 1.800000e+02
4.800000e-03, 1.800000e+02
4.100000e-03, 1.800000e+02
3.400000e-03, 1.800000e+02
2.700000e-03, 1.800000e+02
2.200000e-03, 1.800000e+02
1.600000e-03, 1.800000e+02
1.200000e-03, 1.800000e+02
8.000000e-04, 1.800000e+02
5.000000e-04, 1.800000e+02
2.000000e-04, 1.800000e+02
0.000000e+00, 1.800000e+02
1.000000e-04, 0.000000e+00
2.000000e-04, 0.000000e+00
2.000000e-04, 0.000000e+00
2.000000e-04, 0.000000e+00
2.000000e-04, -0.000000e+00
2.000000e-04, -0.000000e+00
2.000000e-04, -0.000000e+00
1.000000e-04, -0.000000e+00
1.000000e-04, -0.000000e+00
1.000000e-04, -0.000000e+00
1.000000e-04, -0.000000e+00
0.000000e+00, -0.000000e+00
0.000000e+00, -0.000000e+00
0.000000e+00, -0.000000e+00
0.000000e+00, -0.000000e+00
0.000000e+00, -0.000000e+00
0.000000e+00, 0.000000e+00
##END=